set STUDENTS := 
3059 3060 3061 3062 3063 3064 3065 3066 3067 3068 3069 3070 3071 3072 3073 3074 3075 3076 3077 3078 3079 3080 3081 3082 3083 3084 3085 3086 3087 3088 3089 3090 3091 3092 3093 3094 3095 3096 3097 3098 3099 3100 3101 3102 3103 3104 3105 3106 3107 3108 3109 3110 3111 3112 3113 3114 3115 3116 3117 3118 3119 3120 3121 3122 3123 3124 3125 3126 3127 3128 3129 3130 3131 3132 3133 3134 3135 3136 3137 3138 3139 3140 3141 3142 3143 3144 3145 3146 3147 3148 3149 3150 3151 3152 3153 3154 3155 3156 3157 3158 3159 3160 3161 3162 3163 3164 3165 3166 3167 3168 3169 3170 3171 3172 3173 3174 3175 3176 3177 3178 3179 3180 3181 3182 3183 3184 3185 3186 3187 3188 3189 3190 3191 3192 3193 3194 3195 3196 3197 3198 3199 3200 3201 3202 3203 3204 3205 3206 3207 3208 3209 3210 3211 3212 3213 3214 3215 3216 3217 3218 3219 3220 3221 3222 3223 3224 3225 3226 3227 3228 3229 3230 3231 3232 3233 3234 3235 3236 3237 3238 3239 3240 3241 3242 3243 3244 3245 3246 3247 3248 3249 3250 3251 3252 3253 3254 3255 3256 3257 3258 3259 3260 3261 3262 3263 3264 3265 3266 3267 3268 3269 3270 3271 3272 3273 3274 3275 3276 3277 3278 3279 3280 3281 3282 3283 3284 3285 3286 3287 3288 3289 3290 3291 3292 3293 3294 3295 3296 3297 3298 3299 3300 3301 3302 3303 3304 3305 3306 3307 3308 3309 3310 3311 3312 3313 3314 3315 3316 3317 3318 3319 3320 3321 3322 3323 3324 3325 3326 3327 3328 3329 3330 3331 3332 3333 3334 3335 3336 3337 3338 3339 3340 3341 3342 3343 3344 3345 3346 3347 3348 3349 3350 3351 3352 3353 3354 3355 3356 3357 3358 3359 3360 3361 3362 3363 3364 3365 3366 3367 3368 3369 3370 3371 3372 3373 3374 3375 3376 3377 3378 3379 3380 3381 3382 3383 3384 3385 3386 3387 3388 3389 3390 3391 3392 3393 3394 3395 3396 3397 3398 3399 3400 3401 3402 3403 3404 3405 3406 3407 3408 3409 3410 3411 3412 3413 3414 3415 3416 3417 3418 3419 3420 3421 3422 3423 3424 3425 3426 3427 3428 3429 3430 3431 3432 3433 3434 3435 3436 3437 3438 3439 3440 3441 3442 3443 3444 3445 3446 3447 3448 3449 3450 3451 3452 3453 3454 3455 3456 3457 3458 3459 3460 3461 3462 3463 3464 3465 3466 3467 3468 3469 3470 3471 3472 3473 3474 3475 3476 3477 3478 3479 3480 3481 3482 3483 3484 3485 3486 3487 3488 3489 3490 3491 3492 3493 3494 3495 3496 3497 3498 3499 3500 3501 3502 3503 3504 3505 3506 3507 3508 3509 3510 3511 3512 3513 3514 3515 3516 3517 3518 3519 3520 3521 3522 3523 3524 3525 3526 3527 3528 3529 3530 3531 3532 3533 3534 3535 3536 3537 3538 3539 3540 3541 3542 3543 3544 3545 3546 3547 3548 3549 3550 3551 3552 3553 3554 3555 3556 3557 3558 3559 3560 3561 3562 3563 3564 3565 3566 3567 3568 3569 3570 3571 3572 3573 3574 3575 3576 3577 3578 3579 3580 3581 3582 3583 3584 3585 3586 3587 3588 3589 3590 3591 3592 3593 3594 3595 3596 3597 3598 3599 3600 3601 3602 3603 3604 3605 3606 3607 3608 3609 3610 3611 3612 3613 3614 3615 3616 3617 3618 3619 3620 3621 3622 3623 3624 3625 3626 3627 3628 3629 3630 3631 3632 3633 3634 3635 3636 3637 3638 3639 3640 3641 3642 3643 3644 3645 3646 3647 3648 3649 3650 3651 3652 3653 3654 3655 3656 3657 3658 3659 3660 3661 3662 3663 3664 3665 3666 3667 3668 3669 3670 3671 3672 3673 3674 3675 3676 3677 3678 3679 3680 3681 3682 3683 3684 3685 3686 3687 3688 3689 3690 3691 3692 3693 3694 3695 3696 3697 3698 3699 3700 3701 3702 3703 3704 3705 3706 3707 3708 3709 3710 3711 3712 3713 3714 3715 3716 3717 3718 3719 3720 3721 3722 3723 3724 3725 3726 3727 3728 3729 3730 3731 3732 3733 3734 3735 3736 3737 3738 3739 3740 3741 3742 3743 3744 3745 3746 3747 3748 3749 3750 3751 3752 3753 3754 3755 3756 3757 3758 3759 3760 3761 3762 3763 3764 3765 3766 3767 3768 3769 3770 3771 3772 3773 3774 3775 3776 3777 3778 3779 3780 3781 3782 3783 3784 3785 3786 3787 3788 3789 3790 3791 3792 3793 3794 3795 3796 3797 3798 3799 3800 3801 3802 3803 3804 3805 3806 3807 3808 3809 3810 3811 3812 3813 3814 3815 3816 3817 3818 3819 3820 3821 3822 3823 3824 3825 3826 3827 3828 3829 3830 3831 3832 3833 3834 3835 3836 3837 3838 3839 3840 3841 3842 3843 3844 3845 3846 3847 3848 3849 3850 ;
set ADVISORS := 
am699 atz2 awb8 cf99 cje23 crp10 cs639 deh262 dlh37 fy86 gl428 gs272 hk478 id93 jam262 jdb20 jfm37 jjp274 jl2792 jre7 jwt54 lb244 ldb7 mdg12 mp337 nab83 pd83 phs7 pmr82 qz16 ra477 rb737 rdr82 rgb6 rhr2 rrk1 rvl1 sbw11 sda4 sf375 sga42 slp6 spb14 wdp2 wmw4 ;
set MAJORS:=BE BME CE CHEME CS ECE EnvirE EP ISST ME MSE OR Pre-health SES Undecided ;
param points: BE BME CE CHEME CS ECE EnvirE EP ISST ME MSE OR Pre-health SES Undecided :=
3059 0 0 0 0 1 8 0 0 0 0 0 1 0 0 0 
3060 0 0 0 0 3 6 0 0 0 0 0 0 0 0 0 
3061 0 0 0 0 1 8 0 1 0 0 0 0 0 0 0 
3062 0 0 0 0 2 6 0 0 0 2 0 0 0 0 0 
3063 0 0 0 2 3 5 0 0 0 0 0 0 0 0 0 
3064 0 0 0 0 3 5 0 0 0 0 0 0 0 0 0 
3065 0 0 0 0 4 5 0 1 0 0 0 0 0 0 0 
3066 0 0 0 0 5 4 0 0 1 0 0 0 0 0 0 
3067 0 0 0 0 3 6 0 0 0 0 0 1 0 0 0 
3068 0 0 0 0 4 5 0 0 1 0 0 0 0 0 0 
3069 0 0 0 0 1 8 0 0 0 1 0 0 0 0 0 
3070 0 0 0 0 3 5 0 0 0 0 0 0 2 0 0 
3071 0 0 0 0 4 5 0 0 0 1 0 0 0 0 0 
3072 0 0 0 0 3 5 0 0 0 2 0 0 0 0 0 
3073 0 0 0 0 2 7 0 1 0 0 0 0 0 0 0 
3074 0 0 0 0 2 7 0 0 0 1 0 0 0 0 0 
3075 0 0 0 0 2 7 0 0 0 1 0 0 0 0 0 
3076 0 0 0 0 4 5 0 0 0 1 0 0 0 0 0 
3077 0 0 0 0 2 8 0 0 0 0 0 0 0 0 0 
3078 0 0 0 0 1 8 0 0 0 1 0 0 0 0 0 
3079 0 0 0 0 2 7 0 0 0 0 0 0 0 0 1 
3080 0 0 0 0 0 0 0 0 0 10 0 0 0 0 0 
3081 0 0 0 0 0 0 0 0 0 10 0 0 0 0 0 
3082 0 0 0 0 0 1 0 0 0 8 0 0 0 0 0 
3083 0 0 0 0 0 0 0 0 0 7 1 0 0 0 2 
3084 0 0 0 0 0 2 0 0 0 6 0 2 0 0 0 
3085 0 0 0 0 1 2 0 0 0 7 0 0 0 0 0 
3086 0 0 0 1 0 3 0 0 0 6 0 0 0 0 0 
3087 0 0 0 0 1 0 0 0 0 7 0 0 0 0 2 
3088 0 0 0 0 0 0 0 0 0 10 0 0 0 0 0 
3089 0 0 0 0 0 2 0 0 0 7 0 0 0 0 1 
3090 0 0 0 0 0 1 0 0 0 8 0 0 0 0 1 
3091 0 0 0 0 0 0 0 0 0 10 0 0 0 0 0 
3092 0 0 0 0 0 1 0 0 0 8 1 0 0 0 0 
3093 0 0 0 0 0 1 0 1 0 8 0 0 0 0 0 
3094 0 0 0 0 0 0 0 0 0 10 0 0 0 0 0 
3095 0 2 0 0 0 6 0 0 0 0 0 0 2 0 0 
3096 0 0 0 0 1 7 0 0 0 2 0 0 0 0 0 
3097 0 0 0 3 2 5 0 0 0 0 0 0 0 0 0 
3098 0 0 0 0 3 5 0 0 2 0 0 0 0 0 0 
3099 0 0 0 0 2 7 0 0 0 0 0 1 0 0 0 
3100 0 0 0 3 0 6 0 0 0 0 0 1 0 0 0 
3101 0 0 0 0 0 8 0 1 0 1 0 0 0 0 0 
3102 0 0 0 3 1 6 0 0 0 0 0 0 0 0 0 
3103 0 0 0 0 0 5 0 1 0 4 0 0 0 0 0 
3104 0 4 0 0 0 5 0 0 0 0 0 0 1 0 0 
3105 0 0 1 0 0 8 1 0 0 0 0 0 0 0 0 
3106 0 0 0 0 2 7 0 0 0 1 0 0 0 0 0 
3107 0 0 2 0 0 7 0 0 0 0 0 1 0 0 0 
3108 0 0 0 0 0 5 0 3 0 0 0 0 0 0 2 
3109 0 1 0 0 0 8 0 0 0 1 0 0 0 0 0 
3110 0 0 0 0 0 8 0 0 1 0 0 1 0 0 0 
3111 0 0 0 3 0 5 0 0 0 0 2 0 0 0 0 
3112 0 0 0 2 0 7 0 0 0 1 0 0 0 0 0 
3113 0 2 0 0 0 6 0 0 2 0 0 0 0 0 0 
3114 0 1 0 0 0 8 0 0 0 0 1 0 0 0 0 
3115 0 4 0 0 1 0 0 0 0 0 0 0 0 0 5 
3116 0 0 0 0 0 0 0 0 0 0 0 0 0 0 10 
3117 0 0 0 0 0 0 0 0 0 0 0 0 0 0 10 
3118 0 0 0 0 0 1 0 3 0 0 0 0 0 0 6 
3119 0 0 0 0 0 0 0 0 0 0 0 0 0 0 10 
3120 0 0 0 0 0 0 0 0 0 0 0 0 0 0 10 
3121 0 0 0 0 0 0 0 0 0 0 1 2 0 0 7 
3122 1 0 0 2 0 0 0 0 0 0 0 0 0 0 7 
3123 0 0 0 0 0 0 0 4 0 1 0 0 0 0 5 
3124 0 0 0 0 0 0 0 0 0 0 0 0 0 0 10 
3125 0 0 1 0 0 0 0 0 0 4 0 0 0 0 5 
3126 0 0 0 0 0 2 0 0 0 1 0 0 0 0 7 
3127 0 0 0 0 1 3 0 0 0 0 0 0 0 0 6 
3128 0 0 0 0 0 0 0 0 0 0 0 0 0 0 10 
3129 0 0 0 1 6 3 0 0 0 0 0 0 0 0 0 
3130 0 0 0 0 7 2 0 0 0 0 0 0 0 0 1 
3131 0 0 0 0 8 1 1 0 0 0 0 0 0 0 0 
3132 0 0 0 0 5 3 0 0 0 2 0 0 0 0 0 
3133 0 0 0 0 8 1 0 0 0 0 0 1 0 0 0 
3134 0 0 0 0 8 1 0 0 1 0 0 0 0 0 0 
3135 0 0 0 0 8 1 0 0 0 1 0 0 0 0 0 
3136 0 0 0 0 5 3 0 2 0 0 0 0 0 0 0 
3137 0 0 0 0 6 2 0 0 2 0 0 0 0 0 0 
3138 0 1 0 0 8 1 0 0 0 0 0 0 0 0 0 
3139 1 0 0 0 8 1 0 0 0 0 0 0 0 0 0 
3140 0 0 0 0 7 2 0 0 1 0 0 0 0 0 0 
3141 0 2 0 0 5 3 0 0 0 0 0 0 0 0 0 
3142 0 0 0 0 7 2 0 0 0 0 0 0 0 0 1 
3143 0 0 0 1 6 3 0 0 0 0 0 0 0 0 0 
3144 0 0 0 0 5 4 0 0 0 1 0 0 0 0 0 
3145 0 0 0 0 7 2 0 0 1 0 0 0 0 0 0 
3146 0 0 0 0 8 1 0 0 1 0 0 0 0 0 0 
3147 0 0 0 0 8 1 0 1 0 0 0 0 0 0 0 
3148 0 0 0 0 6 3 0 0 0 0 0 0 0 0 1 
3149 0 0 0 0 0 1 0 0 0 9 0 0 0 0 0 
3150 0 0 0 0 0 0 0 0 1 8 0 1 0 0 0 
3151 0 0 0 0 0 0 1 0 0 7 0 2 0 0 0 
3152 0 0 2 0 2 0 0 0 0 6 0 0 0 0 0 
3153 0 1 0 0 0 0 0 0 0 8 0 0 1 0 0 
3154 0 0 0 0 1 1 0 0 0 8 0 0 0 0 0 
3155 0 0 0 0 3 0 0 0 0 7 0 0 0 0 0 
3156 0 2 0 0 0 0 0 0 0 5 0 3 0 0 0 
3157 2 0 0 0 0 0 0 0 0 5 0 3 0 0 0 
3158 0 0 1 0 0 1 0 0 0 8 0 0 0 0 0 
3159 0 0 0 0 3 6 0 0 1 0 0 0 0 0 0 
3160 0 0 0 0 0 2 0 3 0 5 0 0 0 0 0 
3161 0 0 0 0 0 0 0 0 0 8 1 1 0 0 0 
3162 0 8 0 0 0 0 0 0 0 1 0 1 0 0 0 
3163 0 5 0 0 0 0 0 4 0 0 0 0 1 0 0 
3164 0 5 0 0 0 0 0 0 0 3 2 0 0 0 0 
3165 0 8 0 0 0 1 0 0 0 1 0 0 0 0 0 
3166 0 7 0 0 0 2 0 0 0 0 1 0 0 0 0 
3167 1 6 0 3 0 0 0 0 0 0 0 0 0 0 0 
3168 0 8 0 1 0 1 0 0 0 0 0 0 0 0 0 
3169 0 7 0 0 0 2 0 0 0 0 1 0 0 0 0 
3170 3 0 0 6 0 0 0 0 0 0 0 0 0 1 0 
3171 0 8 0 1 0 0 0 0 0 0 0 0 1 0 0 
3172 0 6 0 3 1 0 0 0 0 0 0 0 0 0 0 
3173 1 4 0 5 0 0 0 0 0 0 0 0 0 0 0 
3174 0 7 0 2 1 0 0 0 0 0 0 0 0 0 0 
3175 0 6 0 0 2 2 0 0 0 0 0 0 0 0 0 
3176 0 8 0 0 1 0 0 0 0 0 0 0 0 0 1 
3177 0 6 0 3 1 0 0 0 0 0 0 0 0 0 0 
3178 0 7 0 2 0 0 0 0 0 0 0 0 1 0 0 
3179 0 7 0 0 2 0 0 0 0 0 0 1 0 0 0 
3180 0 7 0 3 0 0 0 0 0 0 0 0 0 0 0 
3181 0 6 0 1 0 0 0 0 0 0 3 0 0 0 0 
3182 0 0 0 0 0 4 0 0 0 1 0 5 0 0 0 
3183 0 0 0 0 7 0 0 0 2 0 0 0 0 0 1 
3184 0 0 0 0 2 1 0 0 7 0 0 0 0 0 0 
3185 0 0 0 0 0 4 0 1 0 0 0 5 0 0 0 
3186 0 1 0 0 8 0 0 0 1 0 0 0 0 0 0 
3187 0 1 0 0 8 0 0 0 1 0 0 0 0 0 0 
3188 0 0 0 1 8 1 0 0 0 0 0 0 0 0 0 
3189 0 0 0 0 1 2 0 0 0 0 0 7 0 0 0 
3190 0 0 0 2 7 1 0 0 0 0 0 0 0 0 0 
3191 0 0 0 0 2 0 0 0 7 0 0 0 0 0 1 
3192 0 0 0 0 7 0 0 0 2 0 0 1 0 0 0 
3193 0 0 0 0 9 0 0 0 1 0 0 0 0 0 0 
3194 0 0 0 1 8 1 0 0 0 0 0 0 0 0 0 
3195 0 0 0 0 6 1 0 0 0 3 0 0 0 0 0 
3196 0 0 0 0 1 1 0 0 8 0 0 0 0 0 0 
3197 0 0 0 0 4 0 0 0 5 1 0 0 0 0 0 
3198 0 0 0 0 6 1 0 0 0 0 0 3 0 0 0 
3199 0 0 0 0 10 0 0 0 0 0 0 0 0 0 0 
3200 0 0 0 0 1 1 0 0 8 0 0 0 0 0 0 
3201 0 0 0 0 6 1 0 0 0 0 0 3 0 0 0 
3202 1 0 3 0 0 0 0 0 0 6 0 0 0 0 0 
3203 0 0 0 8 0 0 1 0 0 0 0 0 0 0 1 
3204 0 1 1 0 0 0 0 0 0 8 0 0 0 0 0 
3205 0 0 0 6 0 0 4 0 0 0 0 0 0 0 0 
3206 0 0 3 0 0 2 0 0 0 5 0 0 0 0 0 
3207 0 0 3 0 2 0 0 0 0 5 0 0 0 0 0 
3208 2 0 3 0 0 0 0 0 0 5 0 0 0 0 0 
3209 0 2 0 5 0 0 3 0 0 0 0 0 0 0 0 
3210 0 0 2 0 1 0 0 0 0 7 0 0 0 0 0 
3211 0 0 0 1 0 1 8 0 0 0 0 0 0 0 0 
3212 0 0 3 0 0 0 0 0 0 5 2 0 0 0 0 
3213 0 0 0 0 0 1 8 0 0 0 0 0 0 0 1 
3214 2 0 1 0 0 0 7 0 0 0 0 0 0 0 0 
3215 0 0 0 0 0 0 5 0 0 3 0 0 0 2 0 
3216 0 0 0 0 10 0 0 0 0 0 0 0 0 0 0 
3217 0 0 0 0 0 2 2 0 0 6 0 0 0 0 0 
3218 0 0 0 0 10 0 0 0 0 0 0 0 0 0 0 
3219 0 0 1 0 0 0 0 4 0 5 0 0 0 0 0 
3220 0 0 0 2 7 0 0 0 0 1 0 0 0 0 0 
3221 0 0 0 0 1 4 0 0 0 5 0 0 0 0 0 
3222 0 0 0 0 10 0 0 0 0 0 0 0 0 0 0 
3223 0 0 0 0 10 0 0 0 0 0 0 0 0 0 0 
3224 0 0 0 0 10 0 0 0 0 0 0 0 0 0 0 
3225 0 0 0 0 10 0 0 0 0 0 0 0 0 0 0 
3226 0 0 0 0 0 1 0 2 0 7 0 0 0 0 0 
3227 0 0 0 0 10 0 0 0 0 0 0 0 0 0 0 
3228 0 0 0 0 6 0 0 2 0 0 0 0 0 2 0 
3229 1 0 0 0 0 4 0 0 0 5 0 0 0 0 0 
3230 0 0 0 0 10 0 0 0 0 0 0 0 0 0 0 
3231 0 0 0 0 10 0 0 0 0 0 0 0 0 0 0 
3232 0 0 0 0 0 3 0 0 0 5 2 0 0 0 0 
3233 0 0 0 0 10 0 0 0 0 0 0 0 0 0 0 
3234 0 0 0 0 1 8 0 0 0 0 1 0 0 0 0 
3235 0 0 0 0 6 3 0 0 0 0 0 0 0 0 1 
3236 0 0 0 0 8 1 0 0 1 0 0 0 0 0 0 
3237 0 0 0 0 8 1 0 0 1 0 0 0 0 0 0 
3238 0 0 0 0 6 3 0 0 1 0 0 0 0 0 0 
3239 0 0 0 0 5 4 0 0 0 0 0 1 0 0 0 
3240 0 0 0 0 7 2 0 0 1 0 0 0 0 0 0 
3241 0 0 0 0 8 1 0 0 1 0 0 0 0 0 0 
3242 0 0 0 0 6 3 0 0 0 1 0 0 0 0 0 
3243 0 0 0 0 8 1 0 0 0 1 0 0 0 0 0 
3244 0 0 0 0 5 3 0 0 2 0 0 0 0 0 0 
3245 0 0 0 0 7 2 0 0 0 0 1 0 0 0 0 
3246 0 0 0 0 8 1 0 0 0 0 0 0 0 0 1 
3247 0 0 0 0 7 2 0 0 0 0 0 0 1 0 0 
3248 0 0 0 0 5 4 0 0 0 1 0 0 0 0 0 
3249 0 0 0 0 5 4 0 0 1 0 0 0 0 0 0 
3250 0 0 0 0 7 2 0 0 1 0 0 0 0 0 0 
3251 0 0 0 0 5 4 1 0 0 0 0 0 0 0 0 
3252 0 0 0 0 7 2 0 0 1 0 0 0 0 0 0 
3253 0 0 0 0 7 2 0 0 0 1 0 0 0 0 0 
3254 0 1 0 0 7 2 0 0 0 0 0 0 0 0 0 
3255 0 0 0 7 2 1 0 0 0 0 0 0 0 0 0 
3256 0 0 0 5 0 0 0 5 0 0 0 0 0 0 0 
3257 0 0 1 8 1 0 0 0 0 0 0 0 0 0 0 
3258 0 0 0 6 0 3 0 0 0 1 0 0 0 0 0 
3259 0 0 0 8 1 0 0 0 0 0 0 0 0 0 1 
3260 0 0 0 6 3 0 1 0 0 0 0 0 0 0 0 
3261 0 1 0 7 2 0 0 0 0 0 0 0 0 0 0 
3262 0 0 0 7 2 0 0 0 0 0 0 1 0 0 0 
3263 0 1 0 6 3 0 0 0 0 0 0 0 0 0 0 
3264 0 0 0 7 0 0 0 0 0 0 1 2 0 0 0 
3265 0 0 0 7 1 2 0 0 0 0 0 0 0 0 0 
3266 0 0 0 7 0 2 0 0 0 1 0 0 0 0 0 
3267 0 0 0 8 1 1 0 0 0 0 0 0 0 0 0 
3268 0 0 0 6 2 2 0 0 0 0 0 0 0 0 0 
3269 0 0 0 5 2 0 0 0 0 0 0 3 0 0 0 
3270 0 0 0 6 2 0 0 0 0 0 2 0 0 0 0 
3271 0 0 0 5 0 0 1 0 0 0 0 4 0 0 0 
3272 0 0 0 8 1 0 0 0 0 0 1 0 0 0 0 
3273 0 0 0 5 0 0 1 0 0 0 0 0 4 0 0 
3274 0 0 0 8 1 0 0 0 0 0 0 0 0 0 1 
3275 0 0 0 0 0 3 0 6 0 1 0 0 0 0 0 
3276 5 0 0 0 2 0 0 0 0 3 0 0 0 0 0 
3277 0 0 0 0 3 2 0 5 0 0 0 0 0 0 0 
3278 5 1 0 0 0 0 4 0 0 0 0 0 0 0 0 
3279 5 2 0 0 3 0 0 0 0 0 0 0 0 0 0 
3280 8 0 0 0 1 0 0 0 1 0 0 0 0 0 0 
3281 0 0 0 0 3 1 0 6 0 0 0 0 0 0 0 
3282 0 0 0 2 2 0 0 6 0 0 0 0 0 0 0 
3283 0 0 0 0 0 0 0 6 0 1 3 0 0 0 0 
3284 5 0 0 4 0 0 0 0 0 0 0 0 1 0 0 
3285 0 0 0 0 0 0 0 6 0 1 3 0 0 0 0 
3286 8 0 0 1 1 0 0 0 0 0 0 0 0 0 0 
3287 0 0 0 0 0 0 0 7 0 2 1 0 0 0 0 
3288 7 0 0 0 0 0 0 1 0 0 2 0 0 0 0 
3289 0 0 0 0 0 2 0 5 0 0 0 3 0 0 0 
3290 0 0 0 0 0 1 0 6 0 3 0 0 0 0 0 
3291 8 0 0 0 0 0 1 0 0 0 1 0 0 0 0 
3292 6 0 0 3 1 0 0 0 0 0 0 0 0 0 0 
3293 0 0 1 0 0 1 0 0 0 8 0 0 0 0 0 
3294 0 0 0 0 1 1 0 0 0 8 0 0 0 0 0 
3295 0 0 0 0 2 3 0 0 0 5 0 0 0 0 0 
3296 0 0 0 1 0 2 0 0 0 7 0 0 0 0 0 
3297 0 0 0 0 1 3 0 0 0 6 0 0 0 0 0 
3298 0 0 0 0 1 2 0 0 0 7 0 0 0 0 0 
3299 0 0 0 0 0 3 0 2 0 5 0 0 0 0 0 
3300 0 2 0 0 0 2 0 0 0 6 0 0 0 0 0 
3301 0 0 0 0 1 1 0 0 0 8 0 0 0 0 0 
3302 0 0 0 0 0 2 0 0 0 7 0 1 0 0 0 
3303 0 0 0 0 0 2 1 0 0 7 0 0 0 0 0 
3304 0 0 0 0 0 0 0 1 3 6 0 0 0 0 0 
3305 0 0 0 0 0 3 0 1 0 6 0 0 0 0 0 
3306 0 0 0 0 1 2 0 0 0 7 0 0 0 0 0 
3307 0 0 0 1 0 4 0 0 0 5 0 0 0 0 0 
3308 1 7 0 2 0 0 0 0 0 0 0 0 0 0 0 
3309 0 8 0 0 1 0 0 0 0 0 0 0 1 0 0 
3310 2 6 0 2 0 0 0 0 0 0 0 0 0 0 0 
3311 0 6 0 2 2 0 0 0 0 0 0 0 0 0 0 
3312 0 8 0 0 0 1 0 0 0 0 0 0 0 0 1 
3313 0 3 0 6 0 0 0 0 0 0 0 0 1 0 0 
3314 0 10 0 0 0 0 0 0 0 0 0 0 0 0 0 
3315 0 7 0 0 0 2 0 0 0 1 0 0 0 0 0 
3316 0 8 0 1 1 0 0 0 0 0 0 0 0 0 0 
3317 0 5 0 0 0 0 1 0 0 4 0 0 0 0 0 
3318 0 5 0 5 0 0 0 0 0 0 0 0 0 0 0 
3319 0 8 0 0 0 0 0 0 0 1 0 0 0 0 1 
3320 2 6 0 0 0 0 0 0 0 0 2 0 0 0 0 
3321 0 5 0 0 4 0 0 0 0 0 0 0 1 0 0 
3322 0 6 0 0 0 0 3 0 1 0 0 0 0 0 0 
3323 0 6 0 0 0 3 0 0 0 0 0 0 1 0 0 
3324 0 5 0 0 0 1 0 0 0 4 0 0 0 0 0 
3325 4 0 0 5 0 0 1 0 0 0 0 0 0 0 0 
3326 0 0 2 5 0 0 0 0 0 3 0 0 0 0 0 
3327 0 0 0 8 1 0 0 0 0 0 0 0 1 0 0 
3328 0 0 0 7 0 0 0 1 0 2 0 0 0 0 0 
3329 0 0 0 6 2 0 0 0 0 2 0 0 0 0 0 
3330 0 0 0 6 2 0 0 0 0 2 0 0 0 0 0 
3331 0 0 1 7 0 0 0 0 0 2 0 0 0 0 0 
3332 0 0 0 6 0 0 0 0 0 3 0 0 0 0 1 
3333 0 0 0 5 0 0 0 0 0 4 1 0 0 0 0 
3334 0 0 0 7 0 0 0 0 0 1 2 0 0 0 0 
3335 0 0 0 5 0 0 0 0 0 3 2 0 0 0 0 
3336 0 0 0 5 0 0 0 0 0 5 0 0 0 0 0 
3337 1 1 0 8 0 0 0 0 0 0 0 0 0 0 0 
3338 0 1 0 8 0 0 0 0 0 1 0 0 0 0 0 
3339 0 0 0 8 0 0 0 0 0 1 1 0 0 0 0 
3340 0 1 0 7 0 0 0 0 0 0 0 0 2 0 0 
3341 0 0 0 8 0 0 0 0 0 1 1 0 0 0 0 
3342 1 2 0 7 0 0 0 0 0 0 0 0 0 0 0 
3343 0 0 0 6 0 0 0 0 0 3 0 0 0 0 1 
3344 0 0 0 8 1 0 0 0 0 0 0 0 1 0 0 
3345 0 0 0 8 0 0 0 0 0 1 0 1 0 0 0 
3346 0 0 0 0 0 0 0 0 3 1 0 6 0 0 0 
3347 0 2 0 0 0 0 0 0 3 0 0 5 0 0 0 
3348 0 0 0 0 0 0 0 0 0 0 0 10 0 0 0 
3349 0 0 0 0 1 0 0 0 3 0 0 6 0 0 0 
3350 0 0 2 0 0 0 0 0 3 0 0 5 0 0 0 
3351 0 1 0 0 0 0 0 0 0 3 0 6 0 0 0 
3352 0 0 0 0 0 0 0 0 0 3 0 5 2 0 0 
3353 0 0 0 0 1 1 0 0 0 0 0 8 0 0 0 
3354 0 0 0 0 1 1 0 0 0 0 0 8 0 0 0 
3355 0 0 0 0 1 0 0 0 1 0 0 8 0 0 0 
3356 0 0 0 0 1 0 0 0 1 0 0 8 0 0 0 
3357 0 0 0 0 1 0 0 0 1 0 0 8 0 0 0 
3358 0 0 0 0 3 0 0 0 0 2 0 5 0 0 0 
3359 0 0 0 0 3 0 0 0 2 0 0 5 0 0 0 
3360 1 0 0 0 0 0 0 0 0 1 0 8 0 0 0 
3361 0 0 0 0 0 0 0 1 1 0 0 8 0 0 0 
3362 0 0 0 0 1 0 0 0 0 0 0 9 0 0 0 
3363 0 0 0 0 0 0 1 0 0 0 0 9 0 0 0 
3364 0 0 0 0 0 0 0 0 2 0 0 6 0 0 2 
3365 0 0 0 0 3 0 0 0 1 0 0 6 0 0 0 
3366 0 1 0 0 0 0 0 0 2 0 0 7 0 0 0 
3367 0 0 0 0 1 1 0 0 0 0 0 8 0 0 0 
3368 0 6 0 0 0 0 0 0 0 1 0 0 3 0 0 
3369 1 7 0 0 0 0 0 0 0 0 0 0 2 0 0 
3370 0 2 0 1 0 0 0 0 0 0 0 0 7 0 0 
3371 2 2 0 0 0 0 0 0 0 0 0 0 6 0 0 
3372 1 7 0 0 0 0 0 0 0 0 0 0 2 0 0 
3373 0 8 0 0 1 1 0 0 0 0 0 0 0 0 0 
3374 0 1 0 0 1 0 0 0 0 0 0 0 8 0 0 
3375 1 7 0 0 0 0 0 0 0 0 0 0 2 0 0 
3376 0 7 0 0 0 0 0 0 0 0 0 0 3 0 0 
3377 0 7 0 0 0 0 0 1 0 0 0 0 2 0 0 
3378 1 2 0 0 0 0 0 0 0 0 0 0 7 0 0 
3379 2 6 0 0 0 0 0 0 0 0 0 0 2 0 0 
3380 0 1 0 0 0 0 0 0 0 0 0 0 8 0 1 
3381 0 6 0 0 0 2 0 0 0 0 0 0 2 0 0 
3382 0 3 0 0 2 0 0 0 0 0 0 0 5 0 0 
3383 0 3 0 0 0 0 0 0 0 0 0 0 5 0 2 
3384 0 5 0 0 0 0 0 0 2 0 0 0 3 0 0 
3385 0 2 0 0 3 0 0 0 0 0 0 0 5 0 0 
3386 1 6 0 0 0 0 0 0 0 0 0 0 3 0 0 
3387 0 0 3 5 0 0 0 0 0 0 0 0 0 0 2 
3388 0 1 0 6 0 0 0 0 0 0 3 0 0 0 0 
3389 0 3 0 6 0 0 0 0 0 1 0 0 0 0 0 
3390 0 0 0 5 0 0 2 0 0 0 3 0 0 0 0 
3391 0 0 0 6 0 0 1 0 0 0 3 0 0 0 0 
3392 0 2 0 6 0 0 0 0 0 0 2 0 0 0 0 
3393 0 0 0 6 0 0 0 1 0 0 3 0 0 0 0 
3394 0 0 0 7 0 0 0 0 0 0 2 0 0 0 1 
3395 0 0 0 5 0 0 0 0 0 2 3 0 0 0 0 
3396 0 0 0 8 0 0 1 0 0 0 1 0 0 0 0 
3397 0 0 0 6 0 0 0 0 0 1 3 0 0 0 0 
3398 0 0 0 8 1 0 0 0 0 0 1 0 0 0 0 
3399 0 0 0 5 0 0 0 0 0 0 4 1 0 0 0 
3400 1 0 0 7 0 0 0 0 0 0 2 0 0 0 0 
3401 0 0 0 8 0 1 0 0 0 0 1 0 0 0 0 
3402 0 0 0 6 0 0 0 0 1 0 3 0 0 0 0 
3403 0 0 0 6 0 0 0 0 0 1 3 0 0 0 0 
3404 2 0 0 5 0 0 0 0 0 0 3 0 0 0 0 
3405 3 0 0 5 0 0 0 0 0 0 0 0 0 0 2 
3406 0 0 0 7 0 0 0 0 0 1 2 0 0 0 0 
3407 0 0 0 6 0 0 0 0 0 0 3 0 0 0 1 
3408 0 0 0 5 0 0 0 0 0 1 4 0 0 0 0 
3409 0 0 0 0 7 1 0 0 2 0 0 0 0 0 0 
3410 0 0 0 0 5 1 0 0 4 0 0 0 0 0 0 
3411 0 0 0 0 5 0 0 0 3 0 0 0 0 0 2 
3412 0 0 0 0 5 2 0 0 3 0 0 0 0 0 0 
3413 0 0 0 0 5 1 0 0 4 0 0 0 0 0 0 
3414 0 0 0 0 7 1 0 0 2 0 0 0 0 0 0 
3415 0 0 0 0 5 2 0 0 3 0 0 0 0 0 0 
3416 0 0 0 0 5 1 0 0 4 0 0 0 0 0 0 
3417 0 0 0 0 5 0 0 0 4 1 0 0 0 0 0 
3418 0 0 0 0 4 1 0 5 0 0 0 0 0 0 0 
3419 0 0 0 0 8 0 0 0 1 0 0 1 0 0 0 
3420 0 0 0 0 5 0 0 0 5 0 0 0 0 0 0 
3421 0 0 0 0 7 1 0 0 2 0 0 0 0 0 0 
3422 0 0 0 0 5 0 0 0 3 2 0 0 0 0 0 
3423 0 0 0 0 7 1 0 0 2 0 0 0 0 0 0 
3424 0 0 0 0 5 0 0 0 4 0 0 1 0 0 0 
3425 0 0 0 0 5 0 0 0 4 0 0 0 1 0 0 
3426 0 0 0 0 6 2 0 0 2 0 0 0 0 0 0 
3427 0 0 0 0 8 0 0 0 1 0 0 1 0 0 0 
3428 0 0 0 0 9 0 0 0 1 0 0 0 0 0 0 
3429 0 0 0 0 5 0 0 0 4 0 0 1 0 0 0 
3430 0 0 0 1 6 0 0 0 3 0 0 0 0 0 0 
3431 0 0 0 0 0 1 0 4 0 5 0 0 0 0 0 
3432 0 0 0 0 0 0 0 3 0 5 0 0 0 0 2 
3433 0 0 0 0 1 0 0 2 0 7 0 0 0 0 0 
3434 0 0 2 0 0 0 0 2 0 6 0 0 0 0 0 
3435 0 0 0 0 0 0 0 2 0 7 0 0 0 0 1 
3436 0 0 2 0 0 0 0 3 0 5 0 0 0 0 0 
3437 0 0 1 0 0 0 0 4 0 5 0 0 0 0 0 
3438 0 0 0 0 0 0 0 1 0 8 0 0 0 0 1 
3439 0 0 0 0 1 0 0 4 0 5 0 0 0 0 0 
3440 0 0 0 0 0 0 0 2 0 7 0 0 0 0 1 
3441 0 0 0 0 1 0 0 3 0 6 0 0 0 0 0 
3442 0 0 0 0 0 0 1 3 0 6 0 0 0 0 0 
3443 0 0 0 0 0 0 0 4 0 5 0 0 0 0 1 
3444 0 0 0 0 0 0 0 1 0 8 0 1 0 0 0 
3445 0 0 0 0 0 1 0 4 0 5 0 0 0 0 0 
3446 0 0 0 0 0 0 0 2 0 6 2 0 0 0 0 
3447 0 0 0 0 0 8 1 0 0 0 0 1 0 0 0 
3448 0 0 0 0 1 6 0 0 0 3 0 0 0 0 0 
3449 0 0 0 0 1 5 0 0 0 4 0 0 0 0 0 
3450 0 0 0 0 0 6 0 0 0 2 0 0 0 0 2 
3451 0 0 0 0 0 8 0 0 0 1 1 0 0 0 0 
3452 0 0 0 0 1 7 0 0 0 2 0 0 0 0 0 
3453 0 0 0 0 0 7 0 0 0 2 1 0 0 0 0 
3454 0 0 0 0 0 6 0 0 0 2 2 0 0 0 0 
3455 0 0 0 0 0 5 0 0 0 4 0 1 0 0 0 
3456 0 0 0 2 0 6 0 0 0 2 0 0 0 0 0 
3457 0 0 0 0 0 5 0 0 0 4 0 0 0 0 1 
3458 0 0 0 0 0 5 0 1 0 4 0 0 0 0 0 
3459 0 0 0 1 0 6 0 0 0 3 0 0 0 0 0 
3460 0 0 0 0 2 5 0 0 0 0 3 0 0 0 0 
3461 0 0 0 0 1 8 0 0 0 1 0 0 0 0 0 
3462 0 0 0 0 2 5 0 0 0 0 3 0 0 0 0 
3463 0 0 0 0 1 7 0 0 0 0 0 2 0 0 0 
3464 0 0 0 0 0 5 0 0 0 4 1 0 0 0 0 
3465 0 0 0 0 0 7 0 0 1 2 0 0 0 0 0 
3466 0 0 0 0 2 5 0 0 0 3 0 0 0 0 0 
3467 2 7 0 1 0 0 0 0 0 0 0 0 0 0 0 
3468 1 8 0 0 0 1 0 0 0 0 0 0 0 0 0 
3469 1 8 0 0 0 0 0 0 0 0 0 0 1 0 0 
3470 1 8 1 0 0 0 0 0 0 0 0 0 0 0 0 
3471 0 0 0 0 0 0 3 0 0 6 0 0 0 0 1 
3472 0 0 0 0 0 0 4 1 0 5 0 0 0 0 0 
3473 2 0 0 0 0 0 3 0 0 5 0 0 0 0 0 
3474 2 7 0 1 0 0 0 0 0 0 0 0 0 0 0 
3475 0 0 0 0 0 1 1 0 0 8 0 0 0 0 0 
3476 3 6 0 0 0 0 1 0 0 0 0 0 0 0 0 
3477 0 0 0 0 0 0 4 0 0 5 0 0 0 0 1 
3478 1 8 0 0 0 0 0 0 0 0 0 0 1 0 0 
3479 0 6 0 0 0 0 0 0 0 3 0 1 0 0 0 
3480 1 0 0 1 0 0 0 0 0 0 0 0 0 8 0 
3481 0 7 0 0 0 0 0 1 0 2 0 0 0 0 0 
3482 1 8 0 0 0 0 0 0 0 1 0 0 0 0 0 
3483 0 0 0 0 0 0 1 0 0 8 0 1 0 0 0 
3484 0 0 0 0 0 4 0 0 0 6 0 0 0 0 0 
3485 1 8 0 0 0 0 1 0 0 0 0 0 0 0 0 
3486 0 0 0 0 0 3 0 0 0 5 2 0 0 0 0 
3487 0 0 0 0 0 0 2 0 0 7 1 0 0 0 0 
3488 0 0 0 0 0 0 1 0 0 8 0 0 0 1 0 
3489 1 8 0 1 0 0 0 0 0 0 0 0 0 0 0 
3490 0 0 0 0 0 0 0 0 0 8 0 1 0 1 0 
3491 0 0 0 0 0 0 0 2 0 5 3 0 0 0 0 
3492 1 8 0 0 0 0 0 0 0 0 0 0 1 0 0 
3493 0 1 0 0 0 0 0 1 0 8 0 0 0 0 0 
3494 4 5 0 1 0 0 0 0 0 0 0 0 0 0 0 
3495 1 8 1 0 0 0 0 0 0 0 0 0 0 0 0 
3496 3 6 0 0 0 0 0 0 0 0 0 0 1 0 0 
3497 3 5 0 2 0 0 0 0 0 0 0 0 0 0 0 
3498 0 0 0 0 0 0 2 0 0 7 1 0 0 0 0 
3499 0 0 0 0 0 2 0 0 0 6 0 2 0 0 0 
3500 4 5 0 0 0 0 0 0 0 0 0 0 1 0 0 
3501 2 7 0 0 0 0 0 0 0 0 0 0 1 0 0 
3502 0 0 0 0 0 0 1 0 0 8 0 0 0 0 1 
3503 0 0 3 0 0 0 0 0 0 0 0 2 0 0 5 
3504 0 0 1 0 0 0 0 0 0 0 0 2 0 0 7 
3505 0 0 0 0 0 1 0 1 0 0 0 0 0 0 8 
3506 0 0 0 0 0 0 0 0 0 0 0 0 0 0 10 
3507 0 0 0 0 0 0 0 3 0 1 0 0 0 0 6 
3508 0 0 0 2 0 3 0 0 0 0 0 0 0 0 5 
3509 0 0 0 0 0 0 0 0 0 0 0 0 0 0 10 
3510 0 0 0 0 0 0 0 0 0 0 0 0 0 0 10 
3511 0 0 0 0 0 0 0 0 0 0 0 0 0 0 10 
3512 1 1 0 0 0 0 0 0 0 0 0 0 0 0 8 
3513 0 0 0 0 0 3 0 0 0 0 1 0 0 0 6 
3514 0 0 0 1 0 0 0 0 0 0 2 0 0 0 7 
3515 0 0 0 0 0 0 0 0 0 0 0 0 0 0 10 
3516 0 2 0 2 0 0 0 0 0 0 0 0 0 0 6 
3517 0 0 5 0 0 1 0 0 0 4 0 0 0 0 0 
3518 0 0 8 0 0 0 0 0 1 0 0 1 0 0 0 
3519 0 0 6 0 0 1 0 3 0 0 0 0 0 0 0 
3520 0 0 8 0 0 1 0 0 0 1 0 0 0 0 0 
3521 0 0 0 5 0 0 3 0 0 0 0 0 0 0 2 
3522 0 0 8 0 0 0 0 0 0 1 0 0 0 0 1 
3523 0 0 6 0 0 0 0 3 1 0 0 0 0 0 0 
3524 0 0 6 2 0 0 0 0 0 2 0 0 0 0 0 
3525 0 0 5 3 0 2 0 0 0 0 0 0 0 0 0 
3526 0 0 7 0 0 0 2 0 0 0 0 0 0 1 0 
3527 0 0 6 0 0 0 0 0 0 3 1 0 0 0 0 
3528 0 0 8 1 0 0 0 0 0 1 0 0 0 0 0 
3529 0 0 3 1 0 0 0 0 0 6 0 0 0 0 0 
3530 0 0 5 0 0 0 2 3 0 0 0 0 0 0 0 
3531 0 0 2 0 0 0 0 0 0 1 7 0 0 0 0 
3532 0 0 0 1 0 0 0 0 0 1 8 0 0 0 0 
3533 1 0 0 4 0 0 0 0 0 0 5 0 0 0 0 
3534 0 0 0 3 0 0 0 0 0 2 5 0 0 0 0 
3535 0 2 0 0 0 3 0 0 0 0 5 0 0 0 0 
3536 0 0 0 0 0 0 0 0 2 3 5 0 0 0 0 
3537 0 0 0 1 2 0 0 0 0 0 7 0 0 0 0 
3538 0 0 0 0 3 0 0 0 0 2 5 0 0 0 0 
3539 0 1 0 3 0 0 0 0 0 0 6 0 0 0 0 
3540 0 0 0 3 0 0 0 0 0 0 6 0 0 0 1 
3541 0 0 0 0 0 0 0 0 0 2 6 2 0 0 0 
3542 0 0 0 3 0 0 0 1 0 0 6 0 0 0 0 
3543 0 0 0 5 0 0 3 0 0 2 0 0 0 0 0 
3544 0 0 0 8 0 0 1 0 0 0 0 0 0 0 1 
3545 0 0 3 0 0 1 6 0 0 0 0 0 0 0 0 
3546 0 1 0 7 0 0 2 0 0 0 0 0 0 0 0 
3547 0 0 0 0 0 0 5 0 0 0 4 1 0 0 0 
3548 0 0 2 0 0 1 0 0 0 7 0 0 0 0 0 
3549 0 0 0 0 2 0 7 0 0 0 0 0 0 0 1 
3550 0 0 2 0 0 1 0 0 0 7 0 0 0 0 0 
3551 0 0 0 0 0 0 8 0 0 0 1 1 0 0 0 
3552 0 0 2 0 0 0 7 0 0 0 0 0 0 1 0 
3553 0 0 1 0 0 0 0 0 0 8 0 1 0 0 0 
3554 0 0 2 0 0 1 0 0 0 7 0 0 0 0 0 
3555 0 0 0 8 0 0 1 0 0 0 0 1 0 0 0 
3556 0 0 0 8 0 0 2 0 0 0 0 0 0 0 0 
3557 0 0 0 5 0 0 3 0 0 0 2 0 0 0 0 
3558 0 2 0 7 0 0 0 0 0 0 1 0 0 0 0 
3559 0 2 0 7 1 0 0 0 0 0 0 0 0 0 0 
3560 0 0 0 6 0 0 0 2 0 2 0 0 0 0 0 
3561 1 3 0 6 0 0 0 0 0 0 0 0 0 0 0 
3562 0 0 0 7 0 0 0 0 0 1 2 0 0 0 0 
3563 0 0 0 7 0 0 1 0 0 0 2 0 0 0 0 
3564 0 2 0 7 0 0 0 0 0 0 0 0 1 0 0 
3565 0 0 0 8 1 0 0 0 0 1 0 0 0 0 0 
3566 0 0 2 7 0 0 0 0 1 0 0 0 0 0 0 
3567 0 0 0 5 0 0 0 0 0 0 3 0 2 0 0 
3568 2 3 0 5 0 0 0 0 0 0 0 0 0 0 0 
3569 0 3 0 5 0 0 0 0 0 0 0 0 2 0 0 
3570 0 4 0 5 0 0 0 0 0 0 0 0 1 0 0 
3571 1 0 0 8 0 0 1 0 0 0 0 0 0 0 0 
3572 1 0 0 8 0 0 0 0 0 0 0 0 1 0 0 
3573 0 0 0 7 0 1 0 0 0 2 0 0 0 0 0 
3574 0 2 0 7 0 1 0 0 0 0 0 0 0 0 0 
3575 1 1 0 8 0 0 0 0 0 0 0 0 0 0 0 
3576 0 0 0 8 0 0 0 0 0 0 1 0 0 0 1 
3577 0 3 0 5 0 2 0 0 0 0 0 0 0 0 0 
3578 2 2 0 6 0 0 0 0 0 0 0 0 0 0 0 
3579 3 2 0 5 0 0 0 0 0 0 0 0 0 0 0 
3580 0 1 0 0 7 2 0 0 0 0 0 0 0 0 0 
3581 0 0 0 0 8 1 0 1 0 0 0 0 0 0 0 
3582 1 0 0 0 7 2 0 0 0 0 0 0 0 0 0 
3583 0 0 0 0 8 1 0 0 0 0 0 0 0 0 1 
3584 0 0 0 0 8 1 0 0 0 1 0 0 0 0 0 
3585 0 0 0 0 6 2 0 0 2 0 0 0 0 0 0 
3586 0 0 0 0 5 4 0 0 0 0 1 0 0 0 0 
3587 0 0 0 0 7 2 0 0 0 0 1 0 0 0 0 
3588 0 0 0 0 7 2 0 0 1 0 0 0 0 0 0 
3589 0 0 0 0 8 2 0 0 0 0 0 0 0 0 0 
3590 0 0 0 0 7 2 0 1 0 0 0 0 0 0 0 
3591 0 0 0 0 8 1 1 0 0 0 0 0 0 0 0 
3592 0 0 0 0 5 5 0 0 0 0 0 0 0 0 0 
3593 0 0 0 0 5 3 0 0 0 2 0 0 0 0 0 
3594 0 0 0 1 7 2 0 0 0 0 0 0 0 0 0 
3595 0 1 0 0 8 1 0 0 0 0 0 0 0 0 0 
3596 0 0 0 1 7 2 0 0 0 0 0 0 0 0 0 
3597 0 0 0 0 9 1 0 0 0 0 0 0 0 0 0 
3598 0 0 0 0 8 1 0 0 1 0 0 0 0 0 0 
3599 0 0 0 0 7 2 0 0 0 1 0 0 0 0 0 
3600 0 0 0 0 5 4 0 0 0 0 0 0 0 0 1 
3601 0 0 0 0 6 3 0 1 0 0 0 0 0 0 0 
3602 0 0 0 0 5 3 0 0 2 0 0 0 0 0 0 
3603 0 0 0 0 7 2 0 0 0 0 1 0 0 0 0 
3604 0 0 0 0 8 1 0 0 0 0 0 0 0 0 1 
3605 0 0 0 0 8 1 0 0 0 0 0 0 0 0 1 
3606 0 0 0 0 8 1 0 0 0 0 0 0 0 0 1 
3607 0 0 0 0 6 3 0 1 0 0 0 0 0 0 0 
3608 0 0 0 0 6 2 0 0 0 0 0 0 0 0 2 
3609 0 0 0 0 8 1 0 0 1 0 0 0 0 0 0 
3610 0 0 0 0 5 3 2 0 0 0 0 0 0 0 0 
3611 0 0 0 0 8 1 0 0 0 0 0 1 0 0 0 
3612 0 0 0 0 5 4 0 0 0 1 0 0 0 0 0 
3613 0 1 0 0 7 2 0 0 0 0 0 0 0 0 0 
3614 0 0 0 0 6 2 0 0 0 2 0 0 0 0 0 
3615 0 0 0 0 7 2 0 0 0 0 0 0 0 0 1 
3616 0 0 0 0 5 3 2 0 0 0 0 0 0 0 0 
3617 0 0 0 0 8 1 0 0 0 0 0 0 0 0 1 
3618 0 0 0 0 5 4 0 1 0 0 0 0 0 0 0 
3619 0 0 0 0 8 1 0 0 1 0 0 0 0 0 0 
3620 0 0 0 0 7 2 0 0 1 0 0 0 0 0 0 
3621 0 0 0 0 7 2 0 0 1 0 0 0 0 0 0 
3622 0 0 0 0 6 3 0 0 0 1 0 0 0 0 0 
3623 4 0 0 0 1 0 0 0 0 5 0 0 0 0 0 
3624 0 3 0 0 1 0 0 0 0 6 0 0 0 0 0 
3625 0 4 0 0 0 1 0 0 0 5 0 0 0 0 0 
3626 0 3 0 0 0 0 0 1 0 6 0 0 0 0 0 
3627 0 1 0 0 0 0 0 0 0 9 0 0 0 0 0 
3628 0 2 0 0 1 0 0 0 0 7 0 0 0 0 0 
3629 2 0 0 1 0 0 0 0 0 7 0 0 0 0 0 
3630 1 3 0 0 0 0 0 0 0 6 0 0 0 0 0 
3631 0 4 0 0 0 0 0 0 0 5 0 1 0 0 0 
3632 0 1 0 0 0 0 0 0 0 8 1 0 0 0 0 
3633 2 0 0 0 0 0 0 0 0 7 0 0 0 1 0 
3634 0 4 0 0 1 0 0 0 0 5 0 0 0 0 0 
3635 0 4 0 0 0 0 0 1 0 5 0 0 0 0 0 
3636 0 2 0 0 0 0 0 0 0 6 0 0 2 0 0 
3637 0 0 0 0 5 0 0 1 0 4 0 0 0 0 0 
3638 0 0 9 0 1 0 0 0 0 0 0 0 0 0 0 
3639 0 0 5 0 0 0 0 0 0 4 0 0 0 0 1 
3640 0 0 7 0 0 0 1 0 0 2 0 0 0 0 0 
3641 0 0 8 0 0 0 0 0 0 1 1 0 0 0 0 
3642 0 0 7 0 0 0 0 1 0 2 0 0 0 0 0 
3643 0 0 8 0 0 1 0 0 0 1 0 0 0 0 0 
3644 0 0 8 0 0 0 2 0 0 0 0 0 0 0 0 
3645 0 0 0 0 6 0 0 0 0 3 1 0 0 0 0 
3646 0 0 8 0 0 1 1 0 0 0 0 0 0 0 0 
3647 0 0 7 0 0 0 2 0 0 1 0 0 0 0 0 
3648 0 0 7 0 0 0 2 0 0 0 1 0 0 0 0 
3649 0 0 0 0 6 2 0 0 0 2 0 0 0 0 0 
3650 0 0 1 0 1 0 0 0 0 8 0 0 0 0 0 
3651 0 0 0 0 1 0 0 0 0 8 0 0 0 0 1 
3652 0 0 0 0 6 0 0 0 0 0 3 0 0 0 1 
3653 0 0 0 0 1 1 0 0 0 8 0 0 0 0 0 
3654 0 0 0 0 0 0 0 1 0 6 3 0 0 0 0 
3655 0 0 0 0 0 1 0 0 0 7 2 0 0 0 0 
3656 0 0 0 0 2 0 0 0 0 3 5 0 0 0 0 
3657 0 0 0 0 1 0 0 0 0 8 1 0 0 0 0 
3658 0 0 0 0 3 1 0 0 0 6 0 0 0 0 0 
3659 0 0 0 0 2 0 0 0 0 8 0 0 0 0 0 
3660 0 0 0 0 1 0 0 0 0 7 2 0 0 0 0 
3661 0 0 0 2 0 0 0 7 0 0 0 0 1 0 0 
3662 2 0 0 0 0 0 0 0 0 5 3 0 0 0 0 
3663 0 0 0 0 0 0 0 8 0 1 1 0 0 0 0 
3664 0 0 0 0 2 0 0 0 0 7 0 0 0 0 1 
3665 0 3 0 0 0 0 0 5 0 0 0 0 2 0 0 
3666 0 0 2 0 2 0 0 0 0 6 0 0 0 0 0 
3667 0 0 0 2 0 3 0 0 0 0 5 0 0 0 0 
3668 0 0 0 3 0 0 1 0 0 0 6 0 0 0 0 
3669 0 0 0 1 1 0 0 0 0 0 8 0 0 0 0 
3670 0 0 0 0 0 0 0 7 0 2 0 1 0 0 0 
3671 0 0 0 0 0 0 3 0 2 0 5 0 0 0 0 
3672 0 0 0 0 0 0 0 5 0 1 4 0 0 0 0 
3673 0 0 0 0 2 0 0 1 0 7 0 0 0 0 0 
3674 0 0 0 0 6 0 0 0 0 0 3 1 0 0 0 
3675 0 0 0 0 2 1 0 7 0 0 0 0 0 0 0 
3676 0 0 0 0 1 1 0 0 0 8 0 0 0 0 0 
3677 0 0 0 0 0 2 0 0 0 5 3 0 0 0 0 
3678 0 0 0 0 1 3 0 6 0 0 0 0 0 0 0 
3679 0 0 0 0 1 0 0 0 0 8 1 0 0 0 0 
3680 2 0 0 0 2 0 0 0 0 6 0 0 0 0 0 
3681 0 0 0 1 7 0 0 2 0 0 0 0 0 0 0 
3682 0 0 0 0 1 0 0 1 0 8 0 0 0 0 0 
3683 0 0 0 0 0 0 0 5 0 2 3 0 0 0 0 
3684 0 0 0 0 5 2 0 3 0 0 0 0 0 0 0 
3685 0 0 0 0 2 2 0 6 0 0 0 0 0 0 0 
3686 0 0 0 0 7 0 0 2 0 0 1 0 0 0 0 
3687 0 0 0 0 8 0 0 1 1 0 0 0 0 0 0 
3688 0 0 0 0 1 0 0 0 0 8 1 0 0 0 0 
3689 0 0 0 0 3 0 0 1 0 6 0 0 0 0 0 
3690 0 0 0 0 3 1 0 0 0 6 0 0 0 0 0 
3691 0 0 0 1 0 0 0 0 0 0 5 4 0 0 0 
3692 0 0 0 0 0 0 0 1 0 5 4 0 0 0 0 
3693 0 0 0 1 0 1 0 0 0 0 8 0 0 0 0 
3694 0 0 0 0 5 2 0 0 0 0 0 3 0 0 0 
3695 0 0 0 0 5 0 0 0 2 0 0 3 0 0 0 
3696 0 0 0 0 7 0 0 1 0 0 0 2 0 0 0 
3697 0 0 0 0 0 0 0 0 6 0 0 4 0 0 0 
3698 0 0 0 0 5 0 0 0 2 0 0 3 0 0 0 
3699 0 0 0 0 0 0 0 0 1 1 0 8 0 0 0 
3700 0 0 0 1 0 0 0 0 0 4 0 5 0 0 0 
3701 0 0 0 0 1 0 0 0 4 0 0 5 0 0 0 
3702 0 0 0 0 0 0 0 0 4 0 0 6 0 0 0 
3703 0 0 0 0 0 0 0 0 7 0 0 2 0 0 1 
3704 0 0 0 0 6 0 0 0 1 0 0 3 0 0 0 
3705 0 2 2 0 0 0 0 0 0 0 0 6 0 0 0 
3706 0 0 0 0 8 0 0 0 0 0 0 1 0 0 1 
3707 0 0 0 0 1 0 0 0 7 0 0 2 0 0 0 
3708 0 0 0 0 5 0 0 0 0 0 0 5 0 0 0 
3709 0 3 0 1 0 0 0 0 0 0 0 6 0 0 0 
3710 0 0 0 0 6 0 0 0 2 0 0 2 0 0 0 
3711 0 0 0 0 0 0 0 0 7 0 0 3 0 0 0 
3712 0 0 0 0 5 0 0 0 0 1 0 4 0 0 0 
3713 4 0 0 0 0 0 0 0 0 0 0 5 0 0 1 
3714 0 0 0 0 7 1 0 0 0 0 0 2 0 0 0 
3715 0 2 0 0 2 0 0 0 0 0 0 6 0 0 0 
3716 0 0 0 0 0 7 1 0 0 0 0 2 0 0 0 
3717 0 0 0 0 1 5 0 0 0 4 0 0 0 0 0 
3718 0 0 0 0 0 5 0 0 0 0 0 0 0 0 5 
3719 0 0 0 0 0 5 0 1 0 0 0 4 0 0 0 
3720 0 0 0 0 0 8 0 0 0 1 1 0 0 0 0 
3721 0 0 0 0 0 5 0 0 0 1 4 0 0 0 0 
3722 0 0 0 0 1 7 0 0 0 2 0 0 0 0 0 
3723 0 0 0 0 0 6 0 1 0 3 0 0 0 0 0 
3724 0 0 0 0 0 6 0 0 0 3 1 0 0 0 0 
3725 0 0 0 0 3 6 0 0 0 0 0 0 1 0 0 
3726 0 0 0 0 0 8 0 0 0 2 0 0 0 0 0 
3727 0 0 0 0 0 5 0 1 0 4 0 0 0 0 0 
3728 0 0 0 0 0 6 0 1 0 3 0 0 0 0 0 
3729 0 0 0 0 1 7 0 0 0 2 0 0 0 0 0 
3730 0 0 1 0 0 5 0 0 0 4 0 0 0 0 0 
3731 0 0 0 0 0 8 0 0 1 1 0 0 0 0 0 
3732 0 0 0 0 0 7 0 1 0 2 0 0 0 0 0 
3733 0 0 0 1 0 6 0 0 0 3 0 0 0 0 0 
3734 0 0 0 0 0 8 0 0 0 1 0 0 0 0 1 
3735 0 0 0 0 0 6 0 0 0 1 3 0 0 0 0 
3736 0 0 0 0 0 0 0 0 0 1 8 0 0 0 1 
3737 0 0 0 2 0 0 0 0 0 0 7 0 1 0 0 
3738 0 0 0 1 1 0 0 0 0 0 8 0 0 0 0 
3739 0 0 0 0 0 0 1 0 0 8 1 0 0 0 0 
3740 0 2 0 1 0 0 0 0 0 0 7 0 0 0 0 
3741 0 0 0 0 7 0 0 0 1 0 2 0 0 0 0 
3742 0 0 0 0 0 0 0 0 0 6 3 0 1 0 0 
3743 0 2 0 0 0 0 0 0 0 5 3 0 0 0 0 
3744 0 0 0 0 5 0 0 0 3 0 2 0 0 0 0 
3745 0 0 0 1 0 0 0 1 0 0 8 0 0 0 0 
3746 0 0 0 2 0 0 0 0 0 0 7 0 0 0 1 
3747 0 0 0 3 6 1 0 0 0 0 0 0 0 0 0 
3748 0 0 0 1 0 0 0 0 0 6 3 0 0 0 0 
3749 0 0 0 0 0 0 0 0 0 7 2 0 0 0 1 
3750 0 7 0 0 0 0 0 0 0 0 1 0 2 0 0 
3751 1 5 0 0 0 0 0 0 0 0 0 0 4 0 0 
3752 0 8 0 0 0 0 0 1 0 0 0 0 1 0 0 
3753 0 6 0 0 0 0 0 0 0 0 0 0 2 0 2 
3754 0 1 0 0 0 2 0 0 0 0 0 0 7 0 0 
3755 0 6 0 0 0 0 0 0 0 0 2 0 2 0 0 
3756 0 7 0 0 0 0 0 1 0 0 0 0 2 0 0 
3757 0 6 0 1 0 0 0 0 0 0 0 0 3 0 0 
3758 1 5 0 0 0 0 0 0 0 0 0 0 4 0 0 
3759 0 8 0 0 1 0 0 0 0 0 0 0 1 0 0 
3760 0 5 0 0 0 0 0 0 0 2 0 0 3 0 0 
3761 0 6 0 0 0 0 0 1 0 0 0 0 3 0 0 
3762 2 5 0 0 0 0 0 0 0 0 0 0 3 0 0 
3763 1 5 0 0 0 0 0 0 0 0 0 0 4 0 0 
3764 0 7 0 0 1 0 0 0 0 0 0 0 2 0 0 
3765 1 6 0 0 0 0 0 0 0 0 0 0 3 0 0 
3766 0 8 0 1 0 0 0 0 0 0 0 0 1 0 0 
3767 0 7 0 0 1 0 0 0 0 0 0 0 2 0 0 
3768 0 0 0 0 0 1 4 0 0 5 0 0 0 0 0 
3769 0 0 0 0 2 2 0 0 0 6 0 0 0 0 0 
3770 0 0 0 1 1 0 0 0 0 8 0 0 0 0 0 
3771 0 0 0 0 0 1 0 1 0 8 0 0 0 0 0 
3772 0 0 2 0 0 0 0 0 3 5 0 0 0 0 0 
3773 0 0 0 2 0 0 0 1 0 7 0 0 0 0 0 
3774 0 0 0 0 0 0 0 0 0 7 2 0 0 0 1 
3775 0 0 0 0 0 2 0 2 0 6 0 0 0 0 0 
3776 0 0 0 0 0 0 0 0 1 8 0 0 0 0 1 
3777 0 0 0 1 0 0 0 0 0 8 1 0 0 0 0 
3778 0 0 0 1 0 0 0 0 0 7 2 0 0 0 0 
3779 0 0 0 0 2 0 0 0 0 7 0 0 0 0 1 
3780 0 0 0 2 0 0 0 3 0 5 0 0 0 0 0 
3781 0 0 0 0 0 0 0 3 0 6 0 1 0 0 0 
3782 0 0 0 0 0 2 0 0 0 7 0 0 0 0 1 
3783 0 0 0 0 0 3 0 1 0 6 0 0 0 0 0 
3784 0 0 0 0 2 7 0 0 1 0 0 0 0 0 0 
3785 0 1 0 0 2 7 0 0 0 0 0 0 0 0 0 
3786 2 0 0 0 3 5 0 0 0 0 0 0 0 0 0 
3787 0 0 0 2 3 5 0 0 0 0 0 0 0 0 0 
3788 0 0 0 0 4 5 0 0 0 0 0 1 0 0 0 
3789 0 0 0 0 2 7 0 0 0 0 1 0 0 0 0 
3790 0 0 0 0 3 5 0 0 0 2 0 0 0 0 0 
3791 0 2 0 0 3 5 0 0 0 0 0 0 0 0 0 
3792 0 0 0 0 1 8 0 0 1 0 0 0 0 0 0 
3793 0 0 0 0 2 7 0 0 0 0 0 1 0 0 0 
3794 0 0 0 0 3 5 0 0 0 2 0 0 0 0 0 
3795 0 0 0 0 4 5 0 0 1 0 0 0 0 0 0 
3796 0 0 0 0 1 8 0 1 0 0 0 0 0 0 0 
3797 0 0 0 0 3 5 0 0 0 2 0 0 0 0 0 
3798 0 0 0 0 1 8 0 0 1 0 0 0 0 0 0 
3799 0 0 0 0 1 8 0 0 0 1 0 0 0 0 0 
3800 0 0 0 0 2 6 0 0 0 0 0 2 0 0 0 
3801 0 0 0 0 3 6 0 1 0 0 0 0 0 0 0 
3802 0 0 0 0 3 7 0 0 0 0 0 0 0 0 0 
3803 0 0 0 0 1 8 0 0 0 0 0 0 0 0 1 
3804 0 0 0 0 3 5 0 0 0 2 0 0 0 0 0 
3805 0 4 1 0 5 0 0 0 0 0 0 0 0 0 0 
3806 7 2 0 0 0 0 0 0 0 0 0 0 1 0 0 
3807 0 3 0 0 5 2 0 0 0 0 0 0 0 0 0 
3808 0 4 0 0 5 0 0 0 0 0 0 0 0 0 1 
3809 6 3 0 0 0 0 0 0 0 1 0 0 0 0 0 
3810 0 2 0 2 6 0 0 0 0 0 0 0 0 0 0 
3811 0 1 0 0 8 0 0 0 0 0 0 0 1 0 0 
3812 0 1 0 0 8 0 0 0 0 0 0 0 1 0 0 
3813 1 1 0 0 8 0 0 0 0 0 0 0 0 0 0 
3814 0 1 0 0 8 0 0 0 0 0 0 0 1 0 0 
3815 2 0 0 0 7 0 0 0 0 0 1 0 0 0 0 
3816 0 2 0 0 7 0 0 0 0 0 0 0 0 0 1 
3817 0 0 0 4 5 0 0 0 0 0 0 0 0 0 1 
3818 6 2 2 0 0 0 0 0 0 0 0 0 0 0 0 
3819 4 0 0 0 5 0 0 0 0 0 0 0 0 0 1 
3820 1 0 0 0 8 0 0 0 0 0 0 0 0 0 1 
3821 0 0 0 1 0 0 0 0 0 8 1 0 0 0 0 
3822 0 0 0 1 0 0 0 0 0 8 0 1 0 0 0 
3823 0 0 0 0 0 0 0 0 0 3 0 1 0 0 6 
3824 0 0 0 0 0 0 0 0 0 0 0 0 0 0 10 
3825 0 0 0 4 0 0 0 1 0 5 0 0 0 0 0 
3826 0 0 0 2 0 0 0 0 0 7 0 0 0 0 1 
3827 0 0 0 0 0 0 0 0 0 0 0 0 0 0 10 
3828 0 0 0 2 0 0 0 0 0 6 2 0 0 0 0 
3829 0 2 0 3 0 0 0 0 0 5 0 0 0 0 0 
3830 0 1 0 2 0 0 0 0 0 7 0 0 0 0 0 
3831 0 0 0 1 0 0 0 0 0 8 1 0 0 0 0 
3832 0 0 0 3 0 2 0 0 0 5 0 0 0 0 0 
3833 0 0 0 0 0 0 0 0 0 1 0 0 1 0 8 
3834 0 0 0 3 0 0 0 0 0 5 0 0 0 0 2 
3835 0 1 0 0 0 0 0 0 0 1 0 0 0 0 8 
3836 1 0 0 0 5 0 0 0 0 4 0 0 0 0 0 
3837 0 0 7 0 0 0 2 0 0 0 0 0 0 0 1 
3838 0 0 0 0 5 0 0 0 0 0 0 0 0 0 5 
3839 0 0 0 0 8 0 0 0 0 0 0 0 0 0 2 
3840 0 0 0 0 7 0 0 0 0 1 0 0 0 0 2 
3841 0 0 0 0 6 0 0 0 0 0 0 0 0 0 4 
3842 0 0 0 0 5 0 0 0 0 0 0 0 0 0 5 
3843 1 0 7 0 0 0 2 0 0 0 0 0 0 0 0 
3844 0 1 0 0 8 0 0 0 0 1 0 0 0 0 0 
3845 0 2 0 0 5 0 0 0 0 3 0 0 0 0 0 
3846 0 0 0 0 6 2 0 0 0 2 0 0 0 0 0 
3847 0 0 0 0 5 0 0 0 0 0 0 0 0 0 5 
3848 0 0 2 0 7 0 0 0 1 0 0 0 0 0 0 
3849 0 0 8 0 0 0 1 0 0 1 0 0 0 0 0 
3850 0 0 0 0 5 2 0 0 0 3 0 0 0 0 0 
;
param student_max_point:=
3059 8
3060 6
3061 8
3062 6
3063 5
3064 5
3065 5
3066 5
3067 6
3068 5
3069 8
3070 5
3071 5
3072 5
3073 7
3074 7
3075 7
3076 5
3077 8
3078 8
3079 7
3080 10
3081 10
3082 8
3083 7
3084 6
3085 7
3086 6
3087 7
3088 10
3089 7
3090 8
3091 10
3092 8
3093 8
3094 10
3095 6
3096 7
3097 5
3098 5
3099 7
3100 6
3101 8
3102 6
3103 5
3104 5
3105 8
3106 7
3107 7
3108 5
3109 8
3110 8
3111 5
3112 7
3113 6
3114 8
3115 5
3116 10
3117 10
3118 6
3119 10
3120 10
3121 7
3122 7
3123 5
3124 10
3125 5
3126 7
3127 6
3128 10
3129 6
3130 7
3131 8
3132 5
3133 8
3134 8
3135 8
3136 5
3137 6
3138 8
3139 8
3140 7
3141 5
3142 7
3143 6
3144 5
3145 7
3146 8
3147 8
3148 6
3149 9
3150 8
3151 7
3152 6
3153 8
3154 8
3155 7
3156 5
3157 5
3158 8
3159 6
3160 5
3161 8
3162 8
3163 5
3164 5
3165 8
3166 7
3167 6
3168 8
3169 7
3170 6
3171 8
3172 6
3173 5
3174 7
3175 6
3176 8
3177 6
3178 7
3179 7
3180 7
3181 6
3182 5
3183 7
3184 7
3185 5
3186 8
3187 8
3188 8
3189 7
3190 7
3191 7
3192 7
3193 9
3194 8
3195 6
3196 8
3197 5
3198 6
3199 10
3200 8
3201 6
3202 6
3203 8
3204 8
3205 6
3206 5
3207 5
3208 5
3209 5
3210 7
3211 8
3212 5
3213 8
3214 7
3215 5
3216 10
3217 6
3218 10
3219 5
3220 7
3221 5
3222 10
3223 10
3224 10
3225 10
3226 7
3227 10
3228 6
3229 5
3230 10
3231 10
3232 5
3233 10
3234 8
3235 6
3236 8
3237 8
3238 6
3239 5
3240 7
3241 8
3242 6
3243 8
3244 5
3245 7
3246 8
3247 7
3248 5
3249 5
3250 7
3251 5
3252 7
3253 7
3254 7
3255 7
3256 5
3257 8
3258 6
3259 8
3260 6
3261 7
3262 7
3263 6
3264 7
3265 7
3266 7
3267 8
3268 6
3269 5
3270 6
3271 5
3272 8
3273 5
3274 8
3275 6
3276 5
3277 5
3278 5
3279 5
3280 8
3281 6
3282 6
3283 6
3284 5
3285 6
3286 8
3287 7
3288 7
3289 5
3290 6
3291 8
3292 6
3293 8
3294 8
3295 5
3296 7
3297 6
3298 7
3299 5
3300 6
3301 8
3302 7
3303 7
3304 6
3305 6
3306 7
3307 5
3308 7
3309 8
3310 6
3311 6
3312 8
3313 6
3314 10
3315 7
3316 8
3317 5
3318 5
3319 8
3320 6
3321 5
3322 6
3323 6
3324 5
3325 5
3326 5
3327 8
3328 7
3329 6
3330 6
3331 7
3332 6
3333 5
3334 7
3335 5
3336 5
3337 8
3338 8
3339 8
3340 7
3341 8
3342 7
3343 6
3344 8
3345 8
3346 6
3347 5
3348 10
3349 6
3350 5
3351 6
3352 5
3353 8
3354 8
3355 8
3356 8
3357 8
3358 5
3359 5
3360 8
3361 8
3362 9
3363 9
3364 6
3365 6
3366 7
3367 8
3368 6
3369 7
3370 7
3371 6
3372 7
3373 8
3374 8
3375 7
3376 7
3377 7
3378 7
3379 6
3380 8
3381 6
3382 5
3383 5
3384 5
3385 5
3386 6
3387 5
3388 6
3389 6
3390 5
3391 6
3392 6
3393 6
3394 7
3395 5
3396 8
3397 6
3398 8
3399 5
3400 7
3401 8
3402 6
3403 6
3404 5
3405 5
3406 7
3407 6
3408 5
3409 7
3410 5
3411 5
3412 5
3413 5
3414 7
3415 5
3416 5
3417 5
3418 5
3419 8
3420 5
3421 7
3422 5
3423 7
3424 5
3425 5
3426 6
3427 8
3428 9
3429 5
3430 6
3431 5
3432 5
3433 7
3434 6
3435 7
3436 5
3437 5
3438 8
3439 5
3440 7
3441 6
3442 6
3443 5
3444 8
3445 5
3446 6
3447 8
3448 6
3449 5
3450 6
3451 8
3452 7
3453 7
3454 6
3455 5
3456 6
3457 5
3458 5
3459 6
3460 5
3461 8
3462 5
3463 7
3464 5
3465 7
3466 5
3467 7
3468 8
3469 8
3470 8
3471 6
3472 5
3473 5
3474 7
3475 8
3476 6
3477 5
3478 8
3479 6
3480 8
3481 7
3482 8
3483 8
3484 6
3485 8
3486 5
3487 7
3488 8
3489 8
3490 8
3491 5
3492 8
3493 8
3494 5
3495 8
3496 6
3497 5
3498 7
3499 6
3500 5
3501 7
3502 8
3503 5
3504 7
3505 8
3506 10
3507 6
3508 5
3509 10
3510 10
3511 10
3512 8
3513 6
3514 7
3515 10
3516 6
3517 5
3518 8
3519 6
3520 8
3521 5
3522 8
3523 6
3524 6
3525 5
3526 7
3527 6
3528 8
3529 6
3530 5
3531 7
3532 8
3533 5
3534 5
3535 5
3536 5
3537 7
3538 5
3539 6
3540 6
3541 6
3542 6
3543 5
3544 8
3545 6
3546 7
3547 5
3548 7
3549 7
3550 7
3551 8
3552 7
3553 8
3554 7
3555 8
3556 8
3557 5
3558 7
3559 7
3560 6
3561 6
3562 7
3563 7
3564 7
3565 8
3566 7
3567 5
3568 5
3569 5
3570 5
3571 8
3572 8
3573 7
3574 7
3575 8
3576 8
3577 5
3578 6
3579 5
3580 7
3581 8
3582 7
3583 8
3584 8
3585 6
3586 5
3587 7
3588 7
3589 8
3590 7
3591 8
3592 5
3593 5
3594 7
3595 8
3596 7
3597 9
3598 8
3599 7
3600 5
3601 6
3602 5
3603 7
3604 8
3605 8
3606 8
3607 6
3608 6
3609 8
3610 5
3611 8
3612 5
3613 7
3614 6
3615 7
3616 5
3617 8
3618 5
3619 8
3620 7
3621 7
3622 6
3623 5
3624 6
3625 5
3626 6
3627 9
3628 7
3629 7
3630 6
3631 5
3632 8
3633 7
3634 5
3635 5
3636 6
3637 5
3638 9
3639 5
3640 7
3641 8
3642 7
3643 8
3644 8
3645 6
3646 8
3647 7
3648 7
3649 6
3650 8
3651 8
3652 6
3653 8
3654 6
3655 7
3656 5
3657 8
3658 6
3659 8
3660 7
3661 7
3662 5
3663 8
3664 7
3665 5
3666 6
3667 5
3668 6
3669 8
3670 7
3671 5
3672 5
3673 7
3674 6
3675 7
3676 8
3677 5
3678 6
3679 8
3680 6
3681 7
3682 8
3683 5
3684 5
3685 6
3686 7
3687 8
3688 8
3689 6
3690 6
3691 5
3692 5
3693 8
3694 5
3695 5
3696 7
3697 6
3698 5
3699 8
3700 5
3701 5
3702 6
3703 7
3704 6
3705 6
3706 8
3707 7
3708 5
3709 6
3710 6
3711 7
3712 5
3713 5
3714 7
3715 6
3716 7
3717 5
3718 5
3719 5
3720 8
3721 5
3722 7
3723 6
3724 6
3725 6
3726 8
3727 5
3728 6
3729 7
3730 5
3731 8
3732 7
3733 6
3734 8
3735 6
3736 8
3737 7
3738 8
3739 8
3740 7
3741 7
3742 6
3743 5
3744 5
3745 8
3746 7
3747 6
3748 6
3749 7
3750 7
3751 5
3752 8
3753 6
3754 7
3755 6
3756 7
3757 6
3758 5
3759 8
3760 5
3761 6
3762 5
3763 5
3764 7
3765 6
3766 8
3767 7
3768 5
3769 6
3770 8
3771 8
3772 5
3773 7
3774 7
3775 6
3776 8
3777 8
3778 7
3779 7
3780 5
3781 6
3782 7
3783 6
3784 7
3785 7
3786 5
3787 5
3788 5
3789 7
3790 5
3791 5
3792 8
3793 7
3794 5
3795 5
3796 8
3797 5
3798 8
3799 8
3800 6
3801 6
3802 7
3803 8
3804 5
3805 5
3806 7
3807 5
3808 5
3809 6
3810 6
3811 8
3812 8
3813 8
3814 8
3815 7
3816 7
3817 5
3818 6
3819 5
3820 8
3821 8
3822 8
3823 6
3824 10
3825 5
3826 7
3827 10
3828 6
3829 5
3830 7
3831 8
3832 5
3833 8
3834 5
3835 8
3836 5
3837 7
3838 5
3839 8
3840 7
3841 6
3842 5
3843 7
3844 8
3845 5
3846 6
3847 5
3848 7
3849 8
3850 5
;
set advisor_orig_pref[am699] :=BE Undecided BME ECE ;
set advisor_orig_pref[atz2] :=MSE ME Undecided CE ;
set advisor_orig_pref[awb8] :=ECE ;
set advisor_orig_pref[cf99] :=BE BME ;
set advisor_orig_pref[cje23] :=ME CE ;
set advisor_orig_pref[crp10] :=ECE EP ;
set advisor_orig_pref[cs639] :=ECE ;
set advisor_orig_pref[deh262] :=CE EnvirE ;
set advisor_orig_pref[dlh37] :=ME CS ECE EP ;
set advisor_orig_pref[fy86] :=CHEME ;
set advisor_orig_pref[gl428] :=BE Undecided BME EP ;
set advisor_orig_pref[gs272] :=Undecided CS ECE ;
set advisor_orig_pref[hk478] :=ME Undecided CS ECE ;
set advisor_orig_pref[id93] :=BME ;
set advisor_orig_pref[jam262] :=MSE ME Undecided CS ECE EP ;
set advisor_orig_pref[jdb20] :=BE MSE ME Undecided BME CHEME ECE EP ;
set advisor_orig_pref[jfm37] :=CS ECE ;
set advisor_orig_pref[jjp274] :=OR Undecided ;
set advisor_orig_pref[jl2792] :=Undecided BME ;
set advisor_orig_pref[jre7] :=CHEME ;
set advisor_orig_pref[jwt54] :=CHEME ;
set advisor_orig_pref[lb244] :=BE ME BME ;
set advisor_orig_pref[ldb7] :=SES EnvirE ;
set advisor_orig_pref[mdg12] :=ME CE ;
set advisor_orig_pref[mp337] :=SES Undecided ;
set advisor_orig_pref[nab83] :=MSE ME Undecided EP ;
set advisor_orig_pref[pd83] :=BME CS ECE ;
set advisor_orig_pref[phs7] :=CHEME ;
set advisor_orig_pref[pmr82] :=CE EnvirE ;
set advisor_orig_pref[qz16] :=ECE ;
set advisor_orig_pref[ra477] :=CE ;
set advisor_orig_pref[rb737] :=ME ;
set advisor_orig_pref[rdr82] :=MSE ME CHEME ;
set advisor_orig_pref[rgb6] :=OR Undecided ;
set advisor_orig_pref[rhr2] :=ME ;
set advisor_orig_pref[rrk1] :=ISST Undecided ;
set advisor_orig_pref[rvl1] :=ME Undecided EP ;
set advisor_orig_pref[sbw11] :=CS ECE ISST ;
set advisor_orig_pref[sda4] :=BE Pre-health Undecided BME CHEME ;
set advisor_orig_pref[sf375] :=ME Undecided ;
set advisor_orig_pref[sga42] :=BE Undecided BME ECE ;
set advisor_orig_pref[slp6] :=ME Undecided ;
set advisor_orig_pref[spb14] :=MSE ME ;
set advisor_orig_pref[wdp2] :=ME Undecided CE CS EnvirE ;
set advisor_orig_pref[wmw4] :=SES Undecided ;
set advisor_similar_pref[am699] :=ECE CS Undecided;
set advisor_similar_pref[atz2] :=ME CE EnvirE SES EP Undecided;
set advisor_similar_pref[awb8] :=ECE CS Undecided;
set advisor_similar_pref[cf99] :=BME BE Pre-health Undecided;
set advisor_similar_pref[cje23] :=CE ME EnvirE SES EP Undecided;
set advisor_similar_pref[crp10] :=ECE CS Undecided;
set advisor_similar_pref[cs639] :=ECE CS Undecided;
set advisor_similar_pref[deh262] :=CE ME EnvirE SES EP Undecided;
set advisor_similar_pref[dlh37] :=SES ME CE EnvirE EP Undecided;
set advisor_similar_pref[fy86] :=CHEME MSE Undecided;
set advisor_similar_pref[gl428] :=EP ME CE EnvirE SES Undecided;
set advisor_similar_pref[gs272] :=ECE CS Undecided;
set advisor_similar_pref[hk478] :=ME CE EnvirE SES EP Undecided;
set advisor_similar_pref[id93] :=BME BE Pre-health Undecided;
set advisor_similar_pref[jam262] :=EP ME CE EnvirE SES Undecided;
set advisor_similar_pref[jdb20] :=EP ME CE EnvirE SES Undecided;
set advisor_similar_pref[jfm37] :=ECE CS Undecided;
set advisor_similar_pref[jjp274] :=OR ISST CS Undecided;
set advisor_similar_pref[jl2792] :=BME BE Pre-health Undecided;
set advisor_similar_pref[jre7] :=CHEME MSE Undecided;
set advisor_similar_pref[jwt54] :=CHEME MSE Undecided;
set advisor_similar_pref[lb244] :=BME BE Pre-health Undecided;
set advisor_similar_pref[ldb7] :=SES ME CE EnvirE EP Undecided;
set advisor_similar_pref[mdg12] :=CE ME EnvirE SES EP Undecided;
set advisor_similar_pref[mp337] :=SES ME CE EnvirE EP Undecided;
set advisor_similar_pref[nab83] :=MSE CHEME Undecided;
set advisor_similar_pref[pd83] :=ECE CS Undecided;
set advisor_similar_pref[phs7] :=CHEME MSE Undecided;
set advisor_similar_pref[pmr82] :=CE ME EnvirE SES EP Undecided;
set advisor_similar_pref[qz16] :=ECE CS Undecided;
set advisor_similar_pref[ra477] :=CE ME EnvirE SES EP Undecided;
set advisor_similar_pref[rb737] :=ME CE EnvirE SES EP Undecided;
set advisor_similar_pref[rdr82] :=MSE CHEME Undecided;
set advisor_similar_pref[rgb6] :=OR ISST CS Undecided;
set advisor_similar_pref[rhr2] :=ME CE EnvirE SES EP Undecided;
set advisor_similar_pref[rrk1] :=ISST OR CS Undecided;
set advisor_similar_pref[rvl1] :=EP ME CE EnvirE SES Undecided;
set advisor_similar_pref[sbw11] :=ECE CS Undecided;
set advisor_similar_pref[sda4] :=BME BE Pre-health Undecided;
set advisor_similar_pref[sf375] :=ME CE EnvirE SES EP Undecided;
set advisor_similar_pref[sga42] :=BME BE Pre-health Undecided;
set advisor_similar_pref[slp6] :=ME CE EnvirE SES EP Undecided;
set advisor_similar_pref[spb14] :=MSE CHEME Undecided;
set advisor_similar_pref[wdp2] :=CE ME EnvirE SES EP Undecided;
set advisor_similar_pref[wmw4] :=SES ME CE EnvirE EP Undecided;
set advisor_dep[am699] :=ECE;
set advisor_dep[atz2] :=ME;
set advisor_dep[awb8] :=ECE;
set advisor_dep[cf99] :=BME;
set advisor_dep[cje23] :=CE;
set advisor_dep[crp10] :=ECE;
set advisor_dep[cs639] :=ECE;
set advisor_dep[deh262] :=CE;
set advisor_dep[dlh37] :=SES;
set advisor_dep[fy86] :=CHEME;
set advisor_dep[gl428] :=EP;
set advisor_dep[gs272] :=ECE;
set advisor_dep[hk478] :=ME;
set advisor_dep[id93] :=BME;
set advisor_dep[jam262] :=EP;
set advisor_dep[jdb20] :=EP;
set advisor_dep[jfm37] :=ECE;
set advisor_dep[jjp274] :=OR;
set advisor_dep[jl2792] :=BME;
set advisor_dep[jre7] :=CHEME;
set advisor_dep[jwt54] :=CHEME;
set advisor_dep[lb244] :=BME;
set advisor_dep[ldb7] :=SES;
set advisor_dep[mdg12] :=CE;
set advisor_dep[mp337] :=SES;
set advisor_dep[nab83] :=MSE;
set advisor_dep[pd83] :=ECE;
set advisor_dep[phs7] :=CHEME;
set advisor_dep[pmr82] :=CE;
set advisor_dep[qz16] :=ECE;
set advisor_dep[ra477] :=CE;
set advisor_dep[rb737] :=ME;
set advisor_dep[rdr82] :=MSE;
set advisor_dep[rgb6] :=OR;
set advisor_dep[rhr2] :=ME;
set advisor_dep[rrk1] :=ISST;
set advisor_dep[rvl1] :=EP;
set advisor_dep[sbw11] :=ECE;
set advisor_dep[sda4] :=BME;
set advisor_dep[sf375] :=ME;
set advisor_dep[sga42] :=BME;
set advisor_dep[slp6] :=ME;
set advisor_dep[spb14] :=MSE;
set advisor_dep[wdp2] :=CE;
set advisor_dep[wmw4] :=SES;
set advisor_availability[am699]:=M125 M230 M335 T125 T230 T335 F125 F230 F335 ;
set advisor_availability[atz2]:=M125 M230 T230 T335 W125 W230 W335 R905 R230 R335 F125 F230 F335 ;
set advisor_availability[awb8]:=R125 R230 R335 ;
set advisor_availability[cf99]:=M230 T230 W230 R230 ;
set advisor_availability[cje23]:=M230 M335 T230 T335 W230 W335 R230 R335 F230 F335 ;
set advisor_availability[crp10]:=M230 T230 T335 W125 W230 W335 R905 R1010 R1115 R1220 R125 R230 R335 ;
set advisor_availability[cs639]:=M125 M230 T230 T335 W125 W230 W335 R1115 R1220 R125 R230 R335 ;
set advisor_availability[deh262]:=M230 W230 W335 ;
set advisor_availability[dlh37]:=M125 M230 M335 T125 T230 T335 W125 W230 W335 R125 R230 R335 ;
set advisor_availability[fy86]:=M230 T230 W230 R230 F230 ;
set advisor_availability[gl428]:=T905 T1010 T1115 T1220 T230 W125 W230 R905 R1010 R1115 R1220 R125 R230 ;
set advisor_availability[gs272]:=M125 M230 T125 R125 R230 ;
set advisor_availability[hk478]:=T230 T335 R230 R335 ;
set advisor_availability[id93]:=M905 M1010 M1115 M1220 M125 M230 M335 T905 T1010 T1115 T1220 T125 T230 T335 W905 W1010 W1115 W1220 W125 W230 W335 R905 R1010 R1115 R1220 R125 R230 R335 F905 F1010 F1115 F1220 F125 F230 F335 ;
set advisor_availability[jam262]:=T1010 T1115 T125 W125 F125 ;
set advisor_availability[jdb20]:=M335 T125 T230 T335 W125 W230 W335 R1220 R125 R230 R335 F230 F335 ;
set advisor_availability[jfm37]:=M905 M1010 M1115 M1220 M125 M230 M335 T905 T1010 T1115 T1220 T125 T230 T335 W905 W1010 W1115 W1220 W125 W230 W335 R905 R1010 R1115 R1220 R125 R230 R335 F905 F1010 F1115 F1220 F125 F230 F335 ;
set advisor_availability[jjp274]:=W230 R1010 R1115 R125 R230 F230 F335 ;
set advisor_availability[jl2792]:=M230 T230 W230 R230 ;
set advisor_availability[jre7]:=M230 M335 W125 W230 W335 R125 R230 ;
set advisor_availability[jwt54]:=T1010 R1010 ;
set advisor_availability[lb244]:=M230 M335 T230 W335 R230 ;
set advisor_availability[ldb7]:=M125 M230 T1010 R1010 F125 F230 ;
set advisor_availability[mdg12]:=T1220 R1220 ;
set advisor_availability[mp337]:=M125 M230 T1010 T1115 T230 W125 W230 R1010 R1115 R1220 R125 R230 F125 ;
set advisor_availability[nab83]:=M230 T125 W230 R125 ;
set advisor_availability[pd83]:=M230 T230 T335 W230 W335 R1010 R1115 R1220 R125 R230 F125 F230 ;
set advisor_availability[phs7]:=W125 W230 W335 ;
set advisor_availability[pmr82]:=M125 M230 M335 W125 W230 W335 ;
set advisor_availability[qz16]:=M905 M1010 M1115 M1220 M125 M230 M335 T905 T1010 T1115 T1220 T125 T230 T335 W905 W1010 W1115 W1220 W125 W230 W335 R905 R1010 R1115 R1220 R125 R230 R335 F905 F1010 F1115 F1220 F125 F230 F335 ;
set advisor_availability[ra477]:=M125 M230 M335 W125 W230 W335 ;
set advisor_availability[rb737]:=T905 R905 ;
set advisor_availability[rdr82]:=T335 W125 W230 W335 ;
set advisor_availability[rgb6]:=T230 T1220 T125 W125 W230 W335 ;
set advisor_availability[rhr2]:=M905 M1010 M1115 M1220 M125 M230 M335 T905 T1010 T1115 T1220 T125 T230 T335 W905 W1010 W1115 W1220 W125 W230 W335 R905 R1010 R1115 R1220 R125 R230 R335 F905 F1010 F1115 F1220 F125 F230 F335 ;
set advisor_availability[rrk1]:=M905 M1010 M1115 M1220 M125 M230 M335 T905 T1010 T1115 T1220 T125 T230 T335 W905 W1010 W1115 W1220 W125 W230 W335 R905 R1010 R1115 R1220 R125 R230 R335 F905 F1010 F1115 F1220 F125 F230 F335 ;
set advisor_availability[rvl1]:=T1220 R1220 ;
set advisor_availability[sbw11]:=T335 T905 T1010 T1115 T1220 R905 R1010 R1115 R1220 R335 ;
set advisor_availability[sda4]:=M125 M230 M335 T905 T1010 T1115 T1220 R905 R1010 R1115 R1220 ;
set advisor_availability[sf375]:=M125 M230 M335 T1115 T1220 T125 T230 W125 W230 R1220 R125 F125 F230 ;
set advisor_availability[sga42]:=M125 M230 M335 W125 W230 W335 ;
set advisor_availability[slp6]:=T230 T125 W125 W230 W335 ;
set advisor_availability[spb14]:=R125 R230 F125 F230 ;
set advisor_availability[wdp2]:=M125 M230 T230 T335 W125 W230 W335 R905 R1010 R1115 R1220 R125 ;
set advisor_availability[wmw4]:=M905 M1010 M1115 M1220 M125 M230 M335 T905 T1010 T1115 T1220 T125 T230 T335 W905 W1010 W1115 W1220 W125 W230 W335 R905 R1010 R1115 R1220 R125 R230 R335 F905 F1010 F1115 F1220 F125 F230 F335 ;
set advisor_pairing[am699] :=gs272;
set advisor_pairing[atz2] :=rhr2;
set advisor_pairing[awb8] :=;
set advisor_pairing[cf99] :=jl2792;
set advisor_pairing[cje23] :=;
set advisor_pairing[crp10] :=;
set advisor_pairing[cs639] :=;
set advisor_pairing[deh262] :=;
set advisor_pairing[dlh37] :=;
set advisor_pairing[fy86] :=;
set advisor_pairing[gl428] :=jdb20;
set advisor_pairing[gs272] :=am699;
set advisor_pairing[hk478] :=;
set advisor_pairing[id93] :=;
set advisor_pairing[jam262] :=;
set advisor_pairing[jdb20] :=gl428;
set advisor_pairing[jfm37] :=;
set advisor_pairing[jjp274] :=;
set advisor_pairing[jl2792] :=cf99;
set advisor_pairing[jre7] :=phs7;
set advisor_pairing[jwt54] :=;
set advisor_pairing[lb244] :=;
set advisor_pairing[ldb7] :=;
set advisor_pairing[mdg12] :=;
set advisor_pairing[mp337] :=;
set advisor_pairing[nab83] :=;
set advisor_pairing[pd83] :=;
set advisor_pairing[phs7] :=jre7;
set advisor_pairing[pmr82] :=ra477;
set advisor_pairing[qz16] :=;
set advisor_pairing[ra477] :=pmr82;
set advisor_pairing[rb737] :=;
set advisor_pairing[rdr82] :=;
set advisor_pairing[rgb6] :=;
set advisor_pairing[rhr2] :=atz2;
set advisor_pairing[rrk1] :=;
set advisor_pairing[rvl1] :=;
set advisor_pairing[sbw11] :=;
set advisor_pairing[sda4] :=;
set advisor_pairing[sf375] :=;
set advisor_pairing[sga42] :=;
set advisor_pairing[slp6] :=;
set advisor_pairing[spb14] :=;
set advisor_pairing[wdp2] :=;
set advisor_pairing[wmw4] :=;
set TIMES:=
M905 M1010 M1115 M1220 M125 M230 M335 T905 T1010 T1115 T1220 T125 T230 T335 W905 W1010 W1115 W1220 W125 W230 W335 R905 R1010 R1115 R1220 R125 R230 R335 F905 F1010 F1115 F1220 F125 F230 F335 ;
set major_time_conflicts[M905]:=BME BE ;
set major_time_conflicts[M1010]:=MSE ECE ;
set major_time_conflicts[M1115]:=CHEME ;
set major_time_conflicts[M1220]:=BME BE CHEME CE CS ECE EP EnvirE ISST OR MSE ME Pre-health SES Undecided ;
set major_time_conflicts[M125]:=;
set major_time_conflicts[M230]:=;
set major_time_conflicts[M335]:=;
set major_time_conflicts[T905]:=CHEME BME BE ;
set major_time_conflicts[T1010]:=EP OR CE CS ;
set major_time_conflicts[T1115]:=CE ME CS ;
set major_time_conflicts[T1220]:=MSE ;
set major_time_conflicts[T125]:=CS ;
set major_time_conflicts[T230]:=CS ;
set major_time_conflicts[T335]:=;
set major_time_conflicts[W905]:=BME BE ;
set major_time_conflicts[W1010]:=MSE ;
set major_time_conflicts[W1115]:=CHEME ;
set major_time_conflicts[W1220]:=BME BE CHEME CE CS ECE EP EnvirE ISST OR MSE ME Pre-health SES Undecided ;
set major_time_conflicts[W125]:=;
set major_time_conflicts[W230]:=;
set major_time_conflicts[W335]:=;
set major_time_conflicts[R905]:=CHEME ;
set major_time_conflicts[R1010]:=EP OR CE CS ;
set major_time_conflicts[R1115]:=CE ME CS ;
set major_time_conflicts[R1220]:=MSE ;
set major_time_conflicts[R125]:=CS ;
set major_time_conflicts[R230]:=CS ;
set major_time_conflicts[R335]:=;
set major_time_conflicts[F905]:=;
set major_time_conflicts[F1010]:=MSE ECE ;
set major_time_conflicts[F1115]:=CHEME ;
set major_time_conflicts[F1220]:=BE BME CHEME CE CS ECE EP EnvirE ISST OR MSE ME Pre-health SES Undecided ;
set major_time_conflicts[F125]:=;
set major_time_conflicts[F230]:=;
set major_time_conflicts[F335]:=;
set excluded_majors:=Undecided ;
set flexible_times:=M230 M335 T230 T335 W230 W335 R230 R335 F230 F335 ;
param advisor_dep_pair:=
am699 0
atz2 0
awb8 0
cf99 0
cje23 0
crp10 0
cs639 0
deh262 0
dlh37 1
fy86 0
gl428 0
gs272 0
hk478 0
id93 0
jam262 0
jdb20 0
jfm37 0
jjp274 0
jl2792 0
jre7 0
jwt54 0
lb244 1
ldb7 0
mdg12 0
mp337 1
nab83 0
pd83 0
phs7 0
pmr82 0
qz16 0
ra477 0
rb737 0
rdr82 0
rgb6 0
rhr2 0
rrk1 0
rvl1 0
sbw11 1
sda4 0
sf375 0
sga42 0
slp6 0
spb14 0
wdp2 0
wmw4 0
;
param student_gender :=
3059 0
3060 1
3061 0
3062 1
3063 0
3064 0
3065 0
3066 0
3067 0
3068 0
3069 0
3070 1
3071 1
3072 1
3073 0
3074 0
3075 0
3076 0
3077 1
3078 0
3079 0
3080 0
3081 1
3082 0
3083 0
3084 0
3085 0
3086 0
3087 1
3088 1
3089 0
3090 0
3091 1
3092 0
3093 1
3094 0
3095 0
3096 1
3097 0
3098 1
3099 1
3100 0
3101 0
3102 0
3103 0
3104 0
3105 1
3106 1
3107 0
3108 0
3109 0
3110 1
3111 0
3112 1
3113 1
3114 1
3115 1
3116 1
3117 1
3118 0
3119 0
3120 1
3121 1
3122 1
3123 0
3124 0
3125 0
3126 0
3127 1
3128 1
3129 0
3130 0
3131 0
3132 0
3133 0
3134 1
3135 0
3136 0
3137 0
3138 0
3139 1
3140 1
3141 1
3142 0
3143 0
3144 0
3145 0
3146 0
3147 0
3148 1
3149 0
3150 1
3151 0
3152 0
3153 1
3154 0
3155 0
3156 1
3157 0
3158 0
3159 0
3160 0
3161 1
3162 1
3163 1
3164 0
3165 0
3166 1
3167 1
3168 1
3169 1
3170 1
3171 0
3172 1
3173 1
3174 1
3175 1
3176 1
3177 1
3178 0
3179 1
3180 1
3181 1
3182 0
3183 1
3184 1
3185 0
3186 1
3187 1
3188 1
3189 0
3190 0
3191 0
3192 1
3193 0
3194 0
3195 0
3196 0
3197 1
3198 0
3199 0
3200 1
3201 0
3202 1
3203 1
3204 1
3205 1
3206 0
3207 0
3208 0
3209 1
3210 0
3211 1
3212 0
3213 1
3214 1
3215 0
3216 1
3217 0
3218 1
3219 0
3220 0
3221 0
3222 0
3223 0
3224 0
3225 0
3226 0
3227 1
3228 1
3229 0
3230 0
3231 1
3232 0
3233 0
3234 0
3235 0
3236 0
3237 1
3238 0
3239 0
3240 1
3241 0
3242 1
3243 1
3244 0
3245 0
3246 0
3247 1
3248 0
3249 1
3250 0
3251 0
3252 0
3253 0
3254 1
3255 1
3256 0
3257 0
3258 1
3259 0
3260 1
3261 1
3262 1
3263 0
3264 1
3265 1
3266 0
3267 0
3268 0
3269 1
3270 1
3271 0
3272 1
3273 1
3274 1
3275 0
3276 1
3277 0
3278 1
3279 1
3280 1
3281 0
3282 0
3283 0
3284 1
3285 0
3286 1
3287 0
3288 1
3289 0
3290 0
3291 0
3292 1
3293 0
3294 0
3295 0
3296 1
3297 1
3298 0
3299 0
3300 1
3301 0
3302 0
3303 0
3304 1
3305 0
3306 0
3307 0
3308 1
3309 0
3310 1
3311 1
3312 1
3313 1
3314 1
3315 1
3316 1
3317 1
3318 1
3319 0
3320 1
3321 1
3322 0
3323 0
3324 0
3325 1
3326 0
3327 1
3328 0
3329 0
3330 1
3331 1
3332 1
3333 0
3334 0
3335 0
3336 0
3337 1
3338 1
3339 0
3340 1
3341 0
3342 1
3343 0
3344 1
3345 0
3346 0
3347 1
3348 1
3349 0
3350 1
3351 1
3352 0
3353 0
3354 1
3355 1
3356 1
3357 0
3358 0
3359 0
3360 1
3361 0
3362 1
3363 1
3364 0
3365 1
3366 1
3367 1
3368 1
3369 0
3370 0
3371 0
3372 1
3373 0
3374 0
3375 0
3376 0
3377 0
3378 1
3379 1
3380 1
3381 1
3382 1
3383 0
3384 1
3385 1
3386 1
3387 1
3388 0
3389 1
3390 1
3391 0
3392 1
3393 0
3394 0
3395 0
3396 0
3397 0
3398 0
3399 0
3400 0
3401 1
3402 1
3403 0
3404 0
3405 1
3406 1
3407 1
3408 0
3409 0
3410 1
3411 1
3412 1
3413 0
3414 0
3415 0
3416 0
3417 1
3418 0
3419 1
3420 1
3421 0
3422 0
3423 0
3424 1
3425 1
3426 1
3427 0
3428 1
3429 1
3430 1
3431 0
3432 0
3433 0
3434 0
3435 0
3436 0
3437 0
3438 0
3439 1
3440 0
3441 1
3442 1
3443 0
3444 0
3445 1
3446 0
3447 1
3448 0
3449 0
3450 0
3451 1
3452 0
3453 0
3454 0
3455 0
3456 0
3457 0
3458 1
3459 0
3460 0
3461 0
3462 0
3463 0
3464 0
3465 0
3466 1
3467 1
3468 1
3469 1
3470 1
3471 0
3472 0
3473 0
3474 1
3475 1
3476 1
3477 1
3478 1
3479 0
3480 1
3481 0
3482 1
3483 1
3484 0
3485 1
3486 0
3487 0
3488 0
3489 1
3490 1
3491 0
3492 1
3493 0
3494 1
3495 0
3496 0
3497 1
3498 0
3499 0
3500 1
3501 0
3502 1
3503 1
3504 1
3505 0
3506 0
3507 0
3508 1
3509 0
3510 1
3511 1
3512 0
3513 1
3514 0
3515 1
3516 1
3517 1
3518 0
3519 0
3520 0
3521 1
3522 0
3523 1
3524 0
3525 1
3526 0
3527 1
3528 1
3529 0
3530 0
3531 1
3532 1
3533 0
3534 1
3535 1
3536 1
3537 1
3538 1
3539 1
3540 1
3541 0
3542 1
3543 1
3544 0
3545 1
3546 1
3547 0
3548 0
3549 1
3550 1
3551 1
3552 1
3553 0
3554 0
3555 1
3556 1
3557 1
3558 0
3559 1
3560 1
3561 0
3562 0
3563 1
3564 1
3565 0
3566 0
3567 0
3568 1
3569 1
3570 1
3571 1
3572 1
3573 0
3574 0
3575 1
3576 1
3577 1
3578 1
3579 1
3580 1
3581 0
3582 0
3583 1
3584 0
3585 0
3586 0
3587 0
3588 0
3589 1
3590 0
3591 1
3592 1
3593 1
3594 1
3595 1
3596 0
3597 1
3598 1
3599 0
3600 0
3601 0
3602 0
3603 0
3604 0
3605 1
3606 1
3607 0
3608 0
3609 0
3610 1
3611 1
3612 0
3613 0
3614 0
3615 1
3616 0
3617 0
3618 1
3619 1
3620 1
3621 0
3622 0
3623 0
3624 0
3625 0
3626 0
3627 0
3628 1
3629 1
3630 1
3631 0
3632 1
3633 1
3634 1
3635 0
3636 1
3637 0
3638 1
3639 0
3640 1
3641 1
3642 0
3643 0
3644 1
3645 0
3646 1
3647 0
3648 1
3649 1
3650 0
3651 0
3652 1
3653 0
3654 0
3655 0
3656 1
3657 1
3658 1
3659 0
3660 1
3661 1
3662 0
3663 0
3664 1
3665 0
3666 0
3667 0
3668 1
3669 1
3670 0
3671 1
3672 0
3673 0
3674 0
3675 0
3676 0
3677 0
3678 0
3679 0
3680 1
3681 0
3682 1
3683 1
3684 0
3685 0
3686 1
3687 1
3688 0
3689 0
3690 1
3691 1
3692 0
3693 1
3694 0
3695 0
3696 1
3697 1
3698 1
3699 1
3700 0
3701 1
3702 1
3703 0
3704 1
3705 1
3706 1
3707 1
3708 0
3709 0
3710 0
3711 1
3712 0
3713 1
3714 1
3715 1
3716 0
3717 1
3718 1
3719 0
3720 0
3721 1
3722 0
3723 0
3724 1
3725 1
3726 1
3727 1
3728 0
3729 1
3730 0
3731 1
3732 0
3733 0
3734 0
3735 1
3736 1
3737 1
3738 0
3739 0
3740 1
3741 0
3742 1
3743 0
3744 1
3745 0
3746 1
3747 1
3748 0
3749 0
3750 1
3751 1
3752 1
3753 0
3754 1
3755 1
3756 1
3757 1
3758 1
3759 1
3760 0
3761 0
3762 1
3763 1
3764 1
3765 1
3766 1
3767 0
3768 0
3769 0
3770 0
3771 0
3772 0
3773 1
3774 0
3775 0
3776 0
3777 1
3778 1
3779 1
3780 0
3781 0
3782 0
3783 0
3784 0
3785 0
3786 0
3787 1
3788 1
3789 1
3790 0
3791 1
3792 0
3793 1
3794 0
3795 0
3796 0
3797 1
3798 0
3799 1
3800 0
3801 1
3802 0
3803 0
3804 0
3805 1
3806 1
3807 0
3808 1
3809 1
3810 1
3811 1
3812 1
3813 0
3814 1
3815 1
3816 1
3817 1
3818 1
3819 1
3820 1
3821 0
3822 0
3823 1
3824 0
3825 0
3826 0
3827 1
3828 0
3829 0
3830 1
3831 0
3832 1
3833 0
3834 0
3835 0
3836 1
3837 0
3838 0
3839 1
3840 1
3841 0
3842 1
3843 1
3844 0
3845 1
3846 0
3847 0
3848 1
3849 0
3850 1
;
param student_URM:= 
3059 0
3060 0
3061 0
3062 0
3063 0
3064 0
3065 0
3066 1
3067 0
3068 0
3069 1
3070 0
3071 0
3072 0
3073 0
3074 0
3075 0
3076 0
3077 0
3078 0
3079 0
3080 0
3081 0
3082 0
3083 1
3084 0
3085 0
3086 0
3087 0
3088 0
3089 0
3090 0
3091 0
3092 0
3093 0
3094 0
3095 0
3096 0
3097 0
3098 0
3099 0
3100 0
3101 0
3102 0
3103 0
3104 0
3105 0
3106 0
3107 0
3108 0
3109 0
3110 0
3111 0
3112 0
3113 0
3114 0
3115 0
3116 0
3117 0
3118 0
3119 0
3120 0
3121 0
3122 0
3123 0
3124 0
3125 0
3126 0
3127 1
3128 0
3129 0
3130 0
3131 0
3132 0
3133 0
3134 0
3135 0
3136 0
3137 0
3138 0
3139 0
3140 0
3141 0
3142 0
3143 0
3144 0
3145 1
3146 0
3147 0
3148 0
3149 0
3150 0
3151 0
3152 0
3153 0
3154 0
3155 0
3156 0
3157 1
3158 0
3159 0
3160 0
3161 0
3162 0
3163 0
3164 0
3165 0
3166 0
3167 0
3168 0
3169 0
3170 0
3171 0
3172 0
3173 0
3174 0
3175 0
3176 0
3177 0
3178 0
3179 0
3180 0
3181 0
3182 0
3183 0
3184 0
3185 0
3186 0
3187 0
3188 0
3189 0
3190 0
3191 0
3192 0
3193 0
3194 0
3195 0
3196 0
3197 0
3198 0
3199 0
3200 0
3201 0
3202 1
3203 1
3204 1
3205 0
3206 0
3207 0
3208 0
3209 0
3210 0
3211 0
3212 0
3213 0
3214 0
3215 0
3216 0
3217 0
3218 0
3219 0
3220 0
3221 0
3222 0
3223 0
3224 0
3225 0
3226 0
3227 0
3228 0
3229 0
3230 0
3231 0
3232 0
3233 0
3234 0
3235 0
3236 0
3237 0
3238 0
3239 0
3240 0
3241 0
3242 0
3243 0
3244 0
3245 0
3246 0
3247 0
3248 0
3249 0
3250 0
3251 0
3252 0
3253 0
3254 0
3255 0
3256 0
3257 0
3258 0
3259 0
3260 0
3261 0
3262 0
3263 0
3264 0
3265 0
3266 1
3267 0
3268 0
3269 0
3270 0
3271 0
3272 0
3273 0
3274 0
3275 0
3276 0
3277 0
3278 0
3279 0
3280 0
3281 0
3282 0
3283 0
3284 0
3285 0
3286 0
3287 0
3288 0
3289 0
3290 0
3291 0
3292 0
3293 0
3294 0
3295 0
3296 0
3297 0
3298 0
3299 0
3300 0
3301 0
3302 0
3303 0
3304 0
3305 0
3306 0
3307 0
3308 0
3309 0
3310 0
3311 0
3312 0
3313 0
3314 0
3315 0
3316 0
3317 0
3318 0
3319 0
3320 0
3321 0
3322 0
3323 0
3324 0
3325 0
3326 0
3327 0
3328 0
3329 0
3330 0
3331 0
3332 1
3333 0
3334 0
3335 0
3336 0
3337 0
3338 0
3339 0
3340 0
3341 0
3342 1
3343 0
3344 0
3345 0
3346 0
3347 0
3348 0
3349 0
3350 0
3351 0
3352 0
3353 0
3354 0
3355 0
3356 0
3357 0
3358 0
3359 0
3360 0
3361 0
3362 0
3363 0
3364 0
3365 0
3366 0
3367 0
3368 0
3369 0
3370 1
3371 0
3372 0
3373 1
3374 0
3375 1
3376 1
3377 0
3378 0
3379 0
3380 0
3381 0
3382 0
3383 0
3384 0
3385 0
3386 0
3387 0
3388 0
3389 0
3390 0
3391 0
3392 0
3393 0
3394 1
3395 0
3396 0
3397 1
3398 0
3399 0
3400 0
3401 0
3402 0
3403 0
3404 0
3405 1
3406 0
3407 0
3408 0
3409 0
3410 0
3411 0
3412 0
3413 0
3414 0
3415 0
3416 0
3417 0
3418 0
3419 0
3420 0
3421 0
3422 0
3423 0
3424 0
3425 0
3426 0
3427 0
3428 0
3429 0
3430 0
3431 0
3432 0
3433 0
3434 1
3435 0
3436 0
3437 0
3438 0
3439 0
3440 0
3441 0
3442 1
3443 0
3444 0
3445 0
3446 0
3447 0
3448 0
3449 0
3450 0
3451 0
3452 1
3453 0
3454 0
3455 1
3456 0
3457 0
3458 0
3459 0
3460 0
3461 0
3462 0
3463 1
3464 0
3465 0
3466 0
3467 0
3468 0
3469 0
3470 0
3471 0
3472 1
3473 0
3474 0
3475 0
3476 0
3477 0
3478 0
3479 0
3480 0
3481 1
3482 0
3483 0
3484 1
3485 0
3486 0
3487 0
3488 1
3489 0
3490 0
3491 1
3492 0
3493 0
3494 0
3495 0
3496 1
3497 0
3498 0
3499 0
3500 0
3501 0
3502 0
3503 0
3504 0
3505 0
3506 0
3507 0
3508 0
3509 1
3510 0
3511 0
3512 0
3513 0
3514 0
3515 0
3516 0
3517 0
3518 0
3519 0
3520 0
3521 0
3522 0
3523 0
3524 0
3525 0
3526 0
3527 1
3528 0
3529 0
3530 0
3531 0
3532 0
3533 0
3534 0
3535 0
3536 0
3537 0
3538 0
3539 0
3540 0
3541 1
3542 0
3543 0
3544 0
3545 0
3546 0
3547 0
3548 0
3549 0
3550 0
3551 0
3552 0
3553 0
3554 0
3555 0
3556 0
3557 0
3558 0
3559 0
3560 0
3561 0
3562 0
3563 0
3564 0
3565 0
3566 0
3567 0
3568 0
3569 0
3570 0
3571 0
3572 0
3573 0
3574 0
3575 0
3576 0
3577 0
3578 0
3579 0
3580 0
3581 0
3582 1
3583 0
3584 0
3585 0
3586 0
3587 1
3588 0
3589 0
3590 0
3591 0
3592 0
3593 0
3594 0
3595 0
3596 0
3597 0
3598 0
3599 0
3600 0
3601 0
3602 0
3603 0
3604 0
3605 0
3606 0
3607 0
3608 0
3609 0
3610 0
3611 1
3612 0
3613 0
3614 0
3615 0
3616 0
3617 0
3618 0
3619 0
3620 0
3621 0
3622 0
3623 0
3624 0
3625 0
3626 0
3627 0
3628 0
3629 0
3630 0
3631 0
3632 0
3633 0
3634 0
3635 0
3636 0
3637 0
3638 0
3639 0
3640 0
3641 0
3642 0
3643 0
3644 0
3645 0
3646 0
3647 0
3648 0
3649 0
3650 0
3651 0
3652 0
3653 0
3654 0
3655 0
3656 0
3657 0
3658 0
3659 0
3660 0
3661 0
3662 0
3663 0
3664 0
3665 0
3666 0
3667 0
3668 0
3669 0
3670 0
3671 0
3672 0
3673 0
3674 0
3675 1
3676 0
3677 0
3678 0
3679 0
3680 0
3681 0
3682 0
3683 0
3684 0
3685 0
3686 0
3687 0
3688 0
3689 0
3690 0
3691 0
3692 0
3693 0
3694 0
3695 0
3696 0
3697 0
3698 0
3699 0
3700 0
3701 0
3702 0
3703 0
3704 0
3705 0
3706 0
3707 0
3708 0
3709 0
3710 0
3711 0
3712 0
3713 0
3714 0
3715 0
3716 0
3717 0
3718 1
3719 0
3720 0
3721 0
3722 0
3723 0
3724 0
3725 1
3726 0
3727 0
3728 0
3729 0
3730 0
3731 0
3732 0
3733 0
3734 0
3735 0
3736 0
3737 0
3738 0
3739 1
3740 0
3741 0
3742 0
3743 0
3744 0
3745 0
3746 0
3747 0
3748 0
3749 0
3750 0
3751 0
3752 0
3753 0
3754 0
3755 0
3756 0
3757 0
3758 0
3759 0
3760 0
3761 1
3762 0
3763 0
3764 0
3765 0
3766 0
3767 0
3768 0
3769 0
3770 0
3771 0
3772 0
3773 0
3774 0
3775 0
3776 0
3777 0
3778 0
3779 0
3780 0
3781 1
3782 0
3783 0
3784 0
3785 0
3786 0
3787 0
3788 0
3789 0
3790 1
3791 0
3792 0
3793 0
3794 0
3795 0
3796 1
3797 0
3798 0
3799 0
3800 0
3801 0
3802 0
3803 0
3804 0
3805 0
3806 0
3807 0
3808 0
3809 0
3810 0
3811 0
3812 0
3813 0
3814 0
3815 0
3816 0
3817 0
3818 0
3819 0
3820 0
3821 0
3822 0
3823 0
3824 0
3825 1
3826 0
3827 0
3828 0
3829 0
3830 0
3831 1
3832 0
3833 0
3834 0
3835 1
3836 0
3837 0
3838 0
3839 0
3840 0
3841 0
3842 0
3843 0
3844 0
3845 0
3846 1
3847 0
3848 0
3849 0
3850 0
;
param student_hispanic:= 
3059 0
3060 0
3061 0
3062 0
3063 0
3064 0
3065 1
3066 0
3067 0
3068 0
3069 0
3070 0
3071 0
3072 0
3073 1
3074 0
3075 0
3076 0
3077 0
3078 0
3079 0
3080 0
3081 0
3082 1
3083 0
3084 0
3085 0
3086 1
3087 0
3088 0
3089 1
3090 0
3091 0
3092 1
3093 0
3094 0
3095 0
3096 0
3097 1
3098 0
3099 0
3100 1
3101 0
3102 0
3103 0
3104 1
3105 0
3106 0
3107 0
3108 0
3109 0
3110 0
3111 0
3112 0
3113 0
3114 0
3115 0
3116 0
3117 0
3118 1
3119 1
3120 0
3121 0
3122 0
3123 0
3124 0
3125 0
3126 1
3127 0
3128 0
3129 0
3130 0
3131 1
3132 0
3133 0
3134 1
3135 0
3136 0
3137 1
3138 0
3139 0
3140 0
3141 0
3142 0
3143 0
3144 0
3145 0
3146 0
3147 0
3148 0
3149 0
3150 0
3151 0
3152 1
3153 0
3154 1
3155 1
3156 0
3157 0
3158 0
3159 1
3160 0
3161 0
3162 0
3163 0
3164 1
3165 1
3166 0
3167 0
3168 0
3169 0
3170 0
3171 0
3172 0
3173 0
3174 0
3175 0
3176 0
3177 0
3178 0
3179 0
3180 0
3181 0
3182 0
3183 0
3184 1
3185 0
3186 0
3187 0
3188 0
3189 0
3190 0
3191 0
3192 0
3193 1
3194 0
3195 1
3196 0
3197 0
3198 0
3199 0
3200 0
3201 0
3202 0
3203 0
3204 0
3205 0
3206 0
3207 1
3208 0
3209 0
3210 0
3211 0
3212 0
3213 0
3214 0
3215 0
3216 0
3217 0
3218 0
3219 0
3220 0
3221 1
3222 0
3223 0
3224 0
3225 1
3226 0
3227 0
3228 0
3229 0
3230 0
3231 0
3232 0
3233 0
3234 0
3235 0
3236 0
3237 0
3238 0
3239 0
3240 0
3241 0
3242 0
3243 0
3244 1
3245 0
3246 1
3247 0
3248 0
3249 0
3250 0
3251 0
3252 0
3253 0
3254 0
3255 1
3256 1
3257 0
3258 0
3259 0
3260 0
3261 0
3262 0
3263 0
3264 0
3265 0
3266 0
3267 0
3268 0
3269 0
3270 0
3271 0
3272 0
3273 0
3274 0
3275 1
3276 0
3277 1
3278 1
3279 0
3280 0
3281 0
3282 0
3283 0
3284 0
3285 0
3286 0
3287 0
3288 0
3289 0
3290 0
3291 0
3292 0
3293 0
3294 1
3295 1
3296 0
3297 0
3298 0
3299 1
3300 0
3301 0
3302 0
3303 0
3304 1
3305 0
3306 0
3307 0
3308 0
3309 0
3310 0
3311 0
3312 0
3313 0
3314 0
3315 0
3316 0
3317 1
3318 0
3319 0
3320 0
3321 0
3322 0
3323 0
3324 0
3325 0
3326 0
3327 0
3328 1
3329 0
3330 0
3331 0
3332 0
3333 0
3334 0
3335 0
3336 0
3337 0
3338 0
3339 0
3340 0
3341 0
3342 0
3343 0
3344 0
3345 0
3346 0
3347 0
3348 0
3349 0
3350 0
3351 1
3352 0
3353 0
3354 0
3355 0
3356 0
3357 0
3358 0
3359 0
3360 0
3361 0
3362 0
3363 0
3364 0
3365 0
3366 0
3367 0
3368 0
3369 0
3370 0
3371 0
3372 0
3373 0
3374 1
3375 0
3376 0
3377 1
3378 0
3379 1
3380 0
3381 0
3382 0
3383 0
3384 0
3385 0
3386 0
3387 0
3388 0
3389 0
3390 0
3391 0
3392 0
3393 0
3394 0
3395 0
3396 0
3397 0
3398 1
3399 0
3400 0
3401 0
3402 1
3403 0
3404 0
3405 0
3406 0
3407 0
3408 0
3409 0
3410 0
3411 0
3412 0
3413 0
3414 0
3415 0
3416 1
3417 0
3418 0
3419 0
3420 0
3421 0
3422 1
3423 0
3424 0
3425 0
3426 0
3427 0
3428 0
3429 0
3430 0
3431 0
3432 1
3433 0
3434 0
3435 0
3436 0
3437 0
3438 0
3439 0
3440 0
3441 0
3442 0
3443 0
3444 0
3445 0
3446 1
3447 0
3448 0
3449 0
3450 0
3451 0
3452 0
3453 0
3454 0
3455 0
3456 1
3457 0
3458 0
3459 0
3460 0
3461 0
3462 0
3463 0
3464 0
3465 0
3466 1
3467 0
3468 0
3469 0
3470 0
3471 1
3472 0
3473 0
3474 0
3475 0
3476 0
3477 0
3478 0
3479 0
3480 0
3481 0
3482 0
3483 0
3484 0
3485 0
3486 0
3487 0
3488 0
3489 1
3490 0
3491 0
3492 0
3493 0
3494 0
3495 1
3496 0
3497 0
3498 0
3499 0
3500 0
3501 0
3502 0
3503 0
3504 0
3505 0
3506 0
3507 0
3508 0
3509 0
3510 0
3511 0
3512 0
3513 0
3514 0
3515 0
3516 0
3517 0
3518 1
3519 0
3520 1
3521 0
3522 0
3523 0
3524 0
3525 1
3526 1
3527 0
3528 0
3529 0
3530 0
3531 0
3532 0
3533 0
3534 0
3535 0
3536 1
3537 0
3538 0
3539 0
3540 0
3541 0
3542 0
3543 0
3544 0
3545 0
3546 0
3547 0
3548 0
3549 0
3550 0
3551 0
3552 0
3553 0
3554 1
3555 0
3556 0
3557 0
3558 0
3559 0
3560 0
3561 0
3562 0
3563 0
3564 0
3565 0
3566 0
3567 0
3568 0
3569 0
3570 1
3571 0
3572 1
3573 1
3574 0
3575 0
3576 0
3577 1
3578 0
3579 0
3580 0
3581 0
3582 0
3583 0
3584 0
3585 1
3586 0
3587 0
3588 0
3589 0
3590 0
3591 0
3592 0
3593 0
3594 0
3595 0
3596 1
3597 0
3598 0
3599 1
3600 0
3601 0
3602 0
3603 0
3604 0
3605 0
3606 0
3607 0
3608 0
3609 0
3610 0
3611 0
3612 0
3613 0
3614 0
3615 0
3616 0
3617 0
3618 0
3619 0
3620 0
3621 0
3622 0
3623 0
3624 0
3625 0
3626 0
3627 1
3628 0
3629 0
3630 0
3631 1
3632 0
3633 0
3634 0
3635 0
3636 0
3637 0
3638 1
3639 1
3640 0
3641 1
3642 0
3643 0
3644 1
3645 0
3646 0
3647 0
3648 1
3649 0
3650 0
3651 1
3652 0
3653 1
3654 0
3655 0
3656 0
3657 0
3658 0
3659 0
3660 0
3661 0
3662 0
3663 0
3664 0
3665 0
3666 0
3667 0
3668 0
3669 0
3670 0
3671 0
3672 0
3673 0
3674 0
3675 0
3676 0
3677 1
3678 0
3679 0
3680 0
3681 0
3682 0
3683 0
3684 0
3685 0
3686 0
3687 0
3688 0
3689 0
3690 0
3691 0
3692 0
3693 0
3694 0
3695 0
3696 0
3697 0
3698 0
3699 0
3700 0
3701 0
3702 0
3703 0
3704 0
3705 0
3706 0
3707 0
3708 0
3709 1
3710 0
3711 0
3712 0
3713 0
3714 0
3715 0
3716 0
3717 1
3718 0
3719 0
3720 0
3721 0
3722 0
3723 1
3724 0
3725 0
3726 0
3727 1
3728 0
3729 1
3730 1
3731 0
3732 0
3733 0
3734 1
3735 0
3736 0
3737 0
3738 0
3739 0
3740 0
3741 0
3742 0
3743 0
3744 1
3745 0
3746 0
3747 0
3748 0
3749 0
3750 0
3751 1
3752 0
3753 1
3754 0
3755 0
3756 0
3757 0
3758 0
3759 0
3760 1
3761 0
3762 0
3763 0
3764 0
3765 0
3766 0
3767 0
3768 0
3769 0
3770 0
3771 0
3772 0
3773 0
3774 0
3775 0
3776 0
3777 0
3778 0
3779 0
3780 0
3781 0
3782 0
3783 0
3784 1
3785 0
3786 0
3787 0
3788 0
3789 0
3790 0
3791 0
3792 1
3793 0
3794 0
3795 0
3796 0
3797 1
3798 0
3799 0
3800 0
3801 0
3802 1
3803 0
3804 1
3805 0
3806 1
3807 0
3808 0
3809 0
3810 0
3811 0
3812 0
3813 0
3814 0
3815 0
3816 0
3817 0
3818 1
3819 0
3820 0
3821 0
3822 0
3823 0
3824 0
3825 0
3826 1
3827 0
3828 0
3829 0
3830 0
3831 0
3832 0
3833 0
3834 0
3835 0
3836 0
3837 0
3838 0
3839 0
3840 0
3841 1
3842 0
3843 0
3844 0
3845 0
3846 0
3847 0
3848 0
3849 0
3850 0
;
